
     Program PWSCF v.7.2 starts on 23Jun2024 at 13: 8:12 

     This program is part of the open-source Quantum ESPRESSO suite
     for quantum simulation of materials; please cite
         "P. Giannozzi et al., J. Phys.:Condens. Matter 21 395502 (2009);
         "P. Giannozzi et al., J. Phys.:Condens. Matter 29 465901 (2017);
         "P. Giannozzi et al., J. Chem. Phys. 152 154105 (2020);
          URL http://www.quantum-espresso.org", 
     in publications or presentations arising from this work. More details at
     http://www.quantum-espresso.org/quote

     Parallel version (MPI), running on    32 processors

     MPI processes distributed on     1 nodes
     225891 MiB available memory on the printing compute node when the environment starts
 
     Waiting for input...
     Reading input from standard input

     Current dimensions of program PWSCF are:
     Max number of different atomic species (ntypx) = 10
     Max number of k-points (npk) =  40000
     Max angular momentum in pseudopotentials (lmaxx) =  4
     Message from routine volume:
     axis vectors are left-handed
     file O.pbesol-n-kjpaw_psl.0.1.UPF: wavefunction(s)  2P renormalized
     Message from routine setup:
     using ibrav=0 with symmetry is DISCOURAGED, use correct ibrav instead
 
     K-points division:     npool     =       2
     R & G space division:  proc/nbgrp/npool/nimage =      16
     Subspace diagonalization in iterative solution of the eigenvalue problem:
     a serial algorithm will be used

 
     Parallelization info
     --------------------
     sticks:   dense  smooth     PW     G-vecs:    dense   smooth      PW
     Min          72      36     12                 1159      408      79
     Max          73      37     13                 1162      409      81
     Sum        1167     587    195                18569     6541    1269
 
     Using Slab Decomposition
 


     bravais-lattice index     =            0
     lattice parameter (alat)  =       8.0000  a.u.
     unit-cell volume          =     235.7543 (a.u.)^3
     number of atoms/cell      =            4
     number of atomic types    =            3
     number of electrons       =        46.00
     number of Kohn-Sham states=           28
     kinetic-energy cutoff     =      35.0000  Ry
     charge density cutoff     =     280.0000  Ry
     scf convergence threshold =      1.0E-10
     mixing beta               =       0.7000
     number of iterations used =            8  plain     mixing
     Exchange-correlation= SLA  PW   PSX  PSC
                           (   1   4  10   8   0   0   0)
     Hubbard projectors: ortho-atomic
     Hubbard parameters of DFT+U (Dudarev formulation) in eV:
     U(Co1-3d) =  6.3000
     U(Co2-3d) =  6.3000

     Internal variables: lda_plus_u = T, lda_plus_u_kind = 0

     celldm(1)=   8.000000  celldm(2)=   0.000000  celldm(3)=   0.000000
     celldm(4)=   0.000000  celldm(5)=   0.000000  celldm(6)=   0.000000

     crystal axes: (cart. coord. in units of alat)
               a(1) = (   0.570726   0.570726   1.031099 )  
               a(2) = (   0.570726   1.031099   0.570726 )  
               a(3) = (   1.031099   0.570726   0.570726 )  

     reciprocal axes: (cart. coord. in units 2 pi/alat)
               b(1) = ( -0.570621 -0.570621  1.601531 )  
               b(2) = ( -0.570621  1.601531 -0.570621 )  
               b(3) = (  1.601531 -0.570621 -0.570621 )  


     PseudoPot. # 1 for Co read from file:
     ./co_pbesol_v1.2.uspp.F.UPF
     MD5 check sum: 3b4cd4e7cc7df4da9fdede0fd33e2193
     Pseudo is Ultrasoft + core correction, Zval = 17.0
     Generated by new atomic code, or converted to UPF format
     Using radial grid of  863 points,  6 beta functions with: 
                l(1) =   0
                l(2) =   0
                l(3) =   1
                l(4) =   1
                l(5) =   2
                l(6) =   2
     Q(r) pseudized with  8 coefficients,  rinner =    1.200   1.200   1.200
                                                       1.200   1.200

     PseudoPot. # 2 for Co read from file:
     ./co_pbesol_v1.2.uspp.F.UPF
     MD5 check sum: 3b4cd4e7cc7df4da9fdede0fd33e2193
     Pseudo is Ultrasoft + core correction, Zval = 17.0
     Generated by new atomic code, or converted to UPF format
     Using radial grid of  863 points,  6 beta functions with: 
                l(1) =   0
                l(2) =   0
                l(3) =   1
                l(4) =   1
                l(5) =   2
                l(6) =   2
     Q(r) pseudized with  8 coefficients,  rinner =    1.200   1.200   1.200
                                                       1.200   1.200

     PseudoPot. # 3 for O  read from file:
     ./O.pbesol-n-kjpaw_psl.0.1.UPF
     MD5 check sum: 126339daddaa87477ab44acfa0b5aa00
     Pseudo is Projector augmented-wave + core cor, Zval =  6.0
     Generated using "atomic" code by A. Dal Corso  v.6.0 svn rev. 13079
     Shape of augmentation charge: BESSEL
     Using radial grid of 1095 points,  4 beta functions with: 
                l(1) =   0
                l(2) =   0
                l(3) =   1
                l(4) =   1
     Q(r) pseudized with 0 coefficients 


     atomic species   valence    mass     pseudopotential
        Co1           17.00    58.93319     Co( 1.00)
        Co2           17.00    58.93319     Co( 1.00)
        O              6.00    15.99900     O ( 1.00)

     Starting magnetic structure 
     atomic species   magnetization
        Co1          0.500
        Co2         -0.500
        O            0.000

     12 Sym. Ops., with inversion, found


                                    s                        frac. trans.

      isym =  1     identity                                     

 cryst.   s( 1) = (     1          0          0      )
                  (     0          1          0      )
                  (     0          0          1      )

 cart.    s( 1) = (  1.0000000  0.0000000  0.0000000 )
                  (  0.0000000  1.0000000  0.0000000 )
                  (  0.0000000  0.0000000  1.0000000 )


      isym =  2     180 deg rotation - cart. axis [1,-1,0]       

 cryst.   s( 2) = (    -1          0          0      )
                  (     0          0         -1      )
                  (     0         -1          0      )

 cart.    s( 2) = ( -0.0000000 -1.0000000 -0.0000000 )
                  ( -1.0000000 -0.0000000 -0.0000000 )
                  ( -0.0000000 -0.0000000 -1.0000000 )


      isym =  3     180 deg rotation - cart. axis [-1,0,1]       

 cryst.   s( 3) = (     0          0         -1      )
                  (     0         -1          0      )
                  (    -1          0          0      )

 cart.    s( 3) = ( -0.0000000 -0.0000000 -1.0000000 )
                  ( -0.0000000 -1.0000000 -0.0000000 )
                  ( -1.0000000 -0.0000000 -0.0000000 )


      isym =  4     180 deg rotation - cart. axis [0,1,-1]       

 cryst.   s( 4) = (     0         -1          0      )
                  (    -1          0          0      )
                  (     0          0         -1      )

 cart.    s( 4) = ( -1.0000000 -0.0000000 -0.0000000 )
                  ( -0.0000000 -0.0000000 -1.0000000 )
                  ( -0.0000000 -1.0000000 -0.0000000 )


      isym =  5     120 deg rotation - cart. axis [-1,-1,-1]     

 cryst.   s( 5) = (     0          1          0      )
                  (     0          0          1      )
                  (     1          0          0      )

 cart.    s( 5) = (  0.0000000  1.0000000  0.0000000 )
                  (  0.0000000  0.0000000  1.0000000 )
                  (  1.0000000  0.0000000  0.0000000 )


      isym =  6     120 deg rotation - cart. axis [1,1,1]        

 cryst.   s( 6) = (     0          0          1      )
                  (     1          0          0      )
                  (     0          1          0      )

 cart.    s( 6) = (  0.0000000  0.0000000  1.0000000 )
                  (  1.0000000  0.0000000  0.0000000 )
                  (  0.0000000  1.0000000  0.0000000 )


      isym =  7     inversion                                    

 cryst.   s( 7) = (    -1          0          0      )
                  (     0         -1          0      )
                  (     0          0         -1      )

 cart.    s( 7) = ( -1.0000000 -0.0000000 -0.0000000 )
                  ( -0.0000000 -1.0000000 -0.0000000 )
                  ( -0.0000000 -0.0000000 -1.0000000 )


      isym =  8     inv. 180 deg rotation - cart. axis [1,-1,0]  

 cryst.   s( 8) = (     1          0          0      )
                  (     0          0          1      )
                  (     0          1          0      )

 cart.    s( 8) = (  0.0000000  1.0000000  0.0000000 )
                  (  1.0000000  0.0000000  0.0000000 )
                  (  0.0000000  0.0000000  1.0000000 )


      isym =  9     inv. 180 deg rotation - cart. axis [-1,0,1]  

 cryst.   s( 9) = (     0          0          1      )
                  (     0          1          0      )
                  (     1          0          0      )

 cart.    s( 9) = (  0.0000000  0.0000000  1.0000000 )
                  (  0.0000000  1.0000000  0.0000000 )
                  (  1.0000000  0.0000000  0.0000000 )


      isym = 10     inv. 180 deg rotation - cart. axis [0,1,-1]  

 cryst.   s(10) = (     0          1          0      )
                  (     1          0          0      )
                  (     0          0          1      )

 cart.    s(10) = (  1.0000000  0.0000000  0.0000000 )
                  (  0.0000000  0.0000000  1.0000000 )
                  (  0.0000000  1.0000000  0.0000000 )


      isym = 11     inv. 120 deg rotation - cart. axis [-1,-1,-1]

 cryst.   s(11) = (     0         -1          0      )
                  (     0          0         -1      )
                  (    -1          0          0      )

 cart.    s(11) = ( -0.0000000 -1.0000000 -0.0000000 )
                  ( -0.0000000 -0.0000000 -1.0000000 )
                  ( -1.0000000 -0.0000000 -0.0000000 )


      isym = 12     inv. 120 deg rotation - cart. axis [1,1,1]   

 cryst.   s(12) = (     0          0         -1      )
                  (    -1          0          0      )
                  (     0         -1          0      )

 cart.    s(12) = ( -0.0000000 -0.0000000 -1.0000000 )
                  ( -1.0000000 -0.0000000 -0.0000000 )
                  ( -0.0000000 -1.0000000 -0.0000000 )


   Cartesian axes

     site n.     atom                  positions (alat units)
         1           Co1 tau(   1) = (   0.0000000   0.0000000   0.0000000  )
         2           Co2 tau(   2) = (   1.0862757   1.0862757   1.0862757  )
         3           O   tau(   3) = (   0.5431378   0.5431378   0.5431378  )
         4           O   tau(   4) = (   1.6294135   1.6294135   1.6294135  )

   Crystallographic axes

     site n.     atom                  positions (cryst. coord.)
         1           Co1 tau(   1) = (  0.0000000  0.0000000  0.0000000  )
         2           Co2 tau(   2) = (  0.5000000  0.5000000  0.5000000  )
         3           O   tau(   3) = (  0.2500000  0.2500000  0.2500000  )
         4           O   tau(   4) = (  0.7500000  0.7500000  0.7500000  )

     number of k points=     6  Marzari-Vanderbilt smearing, width (Ry)=  0.0200
                       cart. coord. in units 2pi/alat
        k(    1) = (   0.0000000   0.0000000   0.0000000), wk =   0.0370370
        k(    2) = (   0.5338435  -0.1902071  -0.1902071), wk =   0.2222222
        k(    3) = (   0.3436365   0.3436365  -0.3804141), wk =   0.2222222
        k(    4) = (  -0.7240506   0.7240506   0.0000000), wk =   0.2222222
        k(    5) = (   0.1534294   0.1534294   0.1534294), wk =   0.0740741
        k(    6) = (  -0.9142576   0.5338435   0.5338435), wk =   0.2222222

                       cryst. coord.
        k(    1) = (   0.0000000   0.0000000   0.0000000), wk =   0.0370370
        k(    2) = (   0.0000000   0.0000000   0.3333333), wk =   0.2222222
        k(    3) = (   0.0000000   0.3333333   0.3333333), wk =   0.2222222
        k(    4) = (   0.0000000   0.3333333  -0.3333333), wk =   0.2222222
        k(    5) = (   0.3333333   0.3333333   0.3333333), wk =   0.0740741
        k(    6) = (   0.3333333   0.3333333  -0.3333333), wk =   0.2222222

     Dense  grid:    18569 G-vectors     FFT dimensions: (  60,  60,  60)

     Smooth grid:     6541 G-vectors     FFT dimensions: (  40,  40,  40)

     Dynamical RAM for                 wfc:       0.02 MB

     Dynamical RAM for     wfc (w. buffer):       0.15 MB

     Dynamical RAM for             U proj.:       0.01 MB

     Dynamical RAM for  U proj. (w. buff.):       0.05 MB

     Dynamical RAM for           str. fact:       0.05 MB

     Dynamical RAM for           local pot:       0.00 MB

     Dynamical RAM for          nlocal pot:       0.04 MB

     Dynamical RAM for                qrad:       4.03 MB

     Dynamical RAM for          rho,v,vnew:       0.77 MB

     Dynamical RAM for               rhoin:       0.26 MB

     Dynamical RAM for            rho*nmix:       0.57 MB

     Dynamical RAM for           G-vectors:       0.07 MB

     Dynamical RAM for          h,s,v(r/c):       0.14 MB

     Dynamical RAM for          <psi|beta>:       0.02 MB

     Dynamical RAM for                 psi:       0.04 MB

     Dynamical RAM for                hpsi:       0.04 MB

     Dynamical RAM for                spsi:       0.04 MB

     Dynamical RAM for      wfcinit/wfcrot:       0.08 MB

     Dynamical RAM for           addusdens:       1.69 MB

     Estimated static dynamical RAM per process >       6.15 MB

     Estimated max dynamical RAM per process >       8.41 MB

     Estimated total dynamical RAM >     260.11 MB

     Check: negative core charge=   -0.000041
     Generating pointlists ...
     new r_m :   0.2019 (alat units)  1.6154 (a.u.) for type    1
     new r_m :   0.2019 (alat units)  1.6154 (a.u.) for type    2
     new r_m :   0.2019 (alat units)  1.6154 (a.u.) for type    3

     Initial potential from superposition of free atoms

     starting charge      44.0000, renormalised to      46.0000

     HUBBARD ENERGY =    0.5556  (Ry)

     STARTING HUBBARD OCCUPATIONS:

     =================== HUBBARD OCCUPATIONS ===================
     ------------------------ ATOM    1 ------------------------
     Tr[ns(  1)] (up, down, total) =   5.00000  2.00000  7.00000
     Atomic magnetic moment for atom   1 =   3.00000
     SPIN  1
     eigenvalues:
       1.000  1.000  1.000  1.000  1.000
     eigenvectors (columns):
       1.000  0.000  0.000  0.000  0.000
       0.000  1.000  0.000  0.000  0.000
       0.000  0.000  1.000  0.000  0.000
       0.000  0.000  0.000  1.000  0.000
       0.000  0.000  0.000  0.000  1.000
     occupation matrix ns (before diag.):
       1.000  0.000  0.000  0.000  0.000
       0.000  1.000  0.000  0.000  0.000
       0.000  0.000  1.000  0.000  0.000
       0.000  0.000  0.000  1.000  0.000
       0.000  0.000  0.000  0.000  1.000
     SPIN  2
     eigenvalues:
       0.400  0.400  0.400  0.400  0.400
     eigenvectors (columns):
       1.000  0.000  0.000  0.000  0.000
       0.000  1.000  0.000  0.000  0.000
       0.000  0.000  1.000  0.000  0.000
       0.000  0.000  0.000  1.000  0.000
       0.000  0.000  0.000  0.000  1.000
     occupation matrix ns (before diag.):
       0.400  0.000  0.000  0.000  0.000
       0.000  0.400  0.000  0.000  0.000
       0.000  0.000  0.400  0.000  0.000
       0.000  0.000  0.000  0.400  0.000
       0.000  0.000  0.000  0.000  0.400
     ------------------------ ATOM    2 ------------------------
     Tr[ns(  2)] (up, down, total) =   2.00000  5.00000  7.00000
     Atomic magnetic moment for atom   2 =  -3.00000
     SPIN  1
     eigenvalues:
       0.400  0.400  0.400  0.400  0.400
     eigenvectors (columns):
       1.000  0.000  0.000  0.000  0.000
       0.000  1.000  0.000  0.000  0.000
       0.000  0.000  1.000  0.000  0.000
       0.000  0.000  0.000  1.000  0.000
       0.000  0.000  0.000  0.000  1.000
     occupation matrix ns (before diag.):
       0.400  0.000  0.000  0.000  0.000
       0.000  0.400  0.000  0.000  0.000
       0.000  0.000  0.400  0.000  0.000
       0.000  0.000  0.000  0.400  0.000
       0.000  0.000  0.000  0.000  0.400
     SPIN  2
     eigenvalues:
       1.000  1.000  1.000  1.000  1.000
     eigenvectors (columns):
       1.000  0.000  0.000  0.000  0.000
       0.000  1.000  0.000  0.000  0.000
       0.000  0.000  1.000  0.000  0.000
       0.000  0.000  0.000  1.000  0.000
       0.000  0.000  0.000  0.000  1.000
     occupation matrix ns (before diag.):
       1.000  0.000  0.000  0.000  0.000
       0.000  1.000  0.000  0.000  0.000
       0.000  0.000  1.000  0.000  0.000
       0.000  0.000  0.000  1.000  0.000
       0.000  0.000  0.000  0.000  1.000

     Number of occupied Hubbard levels =   14.0000

     Atomic wfc used for Hubbard projectors are orthogonalized

     Starting wfcs are   34 randomized atomic wfcs
     Checking if some PAW data can be deallocated... 
       PAW data deallocated on   16 nodes for type:  3

     total cpu time spent up to now is        0.5 secs

     Self-consistent Calculation

     iteration #  1     ecut=    35.00 Ry     beta= 0.70
     Davidson diagonalization with overlap

---- Real-time Memory Report at c_bands before calling an iterative solver
           114 MiB given to the printing process from OS
             0 MiB allocation reported by mallinfo(arena+hblkhd)
        225079 MiB available memory on the node where the printing process lives
------------------
     ethr =  1.00E-02,  avg # of iterations =  3.0

     =================== HUBBARD OCCUPATIONS ===================
     ------------------------ ATOM    1 ------------------------
     Tr[ns(  1)] (up, down, total) =   4.85024  0.66696  5.51720
     Atomic magnetic moment for atom   1 =   4.18327
     SPIN  1
     eigenvalues:
       0.956  0.956  0.968  0.985  0.985
     eigenvectors (columns):
       0.141 -0.030 -0.000 -0.668 -0.730
       0.539  0.602 -0.577 -0.036  0.112
       0.252 -0.768 -0.577  0.115 -0.025
       0.030  0.141  0.000  0.730 -0.668
       0.791 -0.165  0.577  0.080  0.087
     occupation matrix ns (before diag.):
       0.984 -0.002 -0.002  0.000 -0.003
      -0.002  0.961  0.004 -0.003 -0.004
      -0.002  0.004  0.961  0.003 -0.004
       0.000 -0.003  0.003  0.984 -0.000
      -0.003 -0.004 -0.004 -0.000  0.961
     SPIN  2
     eigenvalues:
       0.049  0.049  0.169  0.200  0.200
     eigenvectors (columns):
       0.631  0.760  0.000  0.150  0.036
       0.044 -0.118 -0.577  0.556 -0.584
      -0.124  0.021 -0.577  0.228  0.774
      -0.760  0.631 -0.000  0.036 -0.150
      -0.080 -0.097  0.577  0.784  0.190
     occupation matrix ns (before diag.):
       0.053  0.009  0.009  0.000  0.019
       0.009  0.187 -0.009  0.016  0.009
       0.009 -0.009  0.187 -0.016  0.009
       0.000  0.016 -0.016  0.053 -0.000
       0.019  0.009  0.009 -0.000  0.187
     ------------------------ ATOM    2 ------------------------
     Tr[ns(  2)] (up, down, total) =   0.66753  4.85052  5.51805
     Atomic magnetic moment for atom   2 =  -4.18299
     SPIN  1
     eigenvalues:
       0.049  0.049  0.171  0.199  0.199
     eigenvectors (columns):
      -0.706  0.691  0.000  0.151  0.038
      -0.032 -0.123 -0.577  0.560 -0.581
       0.123  0.034 -0.577  0.223  0.775
       0.691  0.706 -0.000  0.038 -0.151
       0.091 -0.089  0.577  0.783  0.195
     occupation matrix ns (before diag.):
       0.053  0.009  0.009  0.000  0.019
       0.009  0.187 -0.008  0.016  0.008
       0.009 -0.008  0.187 -0.016  0.008
       0.000  0.016 -0.016  0.053 -0.000
       0.019  0.008  0.008 -0.000  0.187
     SPIN  2
     eigenvalues:
       0.956  0.956  0.968  0.985  0.985
     eigenvectors (columns):
       0.143 -0.028 -0.000 -0.667 -0.730
       0.532  0.608 -0.577 -0.036  0.114
       0.260 -0.765 -0.577  0.116 -0.026
       0.028  0.143  0.000  0.730 -0.667
       0.792 -0.157  0.577  0.080  0.088
     occupation matrix ns (before diag.):
       0.984 -0.002 -0.002  0.000 -0.003
      -0.002  0.961  0.004 -0.003 -0.004
      -0.002  0.004  0.961  0.003 -0.004
       0.000 -0.003  0.003  0.984 -0.000
      -0.003 -0.004 -0.004 -0.000  0.961

     Number of occupied Hubbard levels =   11.0352

     HUBBARD ENERGY =    0.3234  (Ry)

     total cpu time spent up to now is        0.7 secs

     total energy              =    -671.19252527 Ry
     estimated scf accuracy    <      12.32790242 Ry

     total magnetization       =    -0.00 Bohr mag/cell
     absolute magnetization    =     8.70 Bohr mag/cell

     iteration #  2     ecut=    35.00 Ry     beta= 0.70
     Davidson diagonalization with overlap

---- Real-time Memory Report at c_bands before calling an iterative solver
           118 MiB given to the printing process from OS
             0 MiB allocation reported by mallinfo(arena+hblkhd)
        225010 MiB available memory on the node where the printing process lives
------------------
     ethr =  1.00E-02,  avg # of iterations =  3.2

     =================== HUBBARD OCCUPATIONS ===================
     ------------------------ ATOM    1 ------------------------
     Tr[ns(  1)] (up, down, total) =   4.87090  4.88450  9.75540
     Atomic magnetic moment for atom   1 =  -0.01360
     SPIN  1
     eigenvalues:
       0.973  0.973  0.973  0.976  0.976
     eigenvectors (columns):
       0.000 -0.232  0.048 -0.787 -0.570
       0.577  0.250 -0.753  0.020 -0.193
       0.577  0.527  0.593 -0.177  0.079
      -0.000  0.048  0.232  0.570 -0.787
      -0.577  0.777 -0.160 -0.157 -0.114
     occupation matrix ns (before diag.):
       0.976  0.000  0.000  0.000  0.001
       0.000  0.973 -0.000  0.000  0.000
       0.000 -0.000  0.973 -0.000  0.000
       0.000  0.000 -0.000  0.976 -0.000
       0.001  0.000  0.000 -0.000  0.973
     SPIN  2
     eigenvalues:
       0.975  0.975  0.977  0.979  0.979
     eigenvectors (columns):
       0.581 -0.637 -0.000  0.483  0.151
       0.125  0.394  0.577  0.518 -0.477
      -0.404 -0.088  0.577  0.154  0.687
      -0.637 -0.581  0.000  0.151 -0.483
      -0.279  0.306 -0.577  0.672  0.210
     occupation matrix ns (before diag.):
       0.976  0.001  0.001  0.000  0.001
       0.001  0.977 -0.000  0.001  0.000
       0.001 -0.000  0.977 -0.001  0.000
       0.000  0.001 -0.001  0.976 -0.000
       0.001  0.000  0.000 -0.000  0.977
     ------------------------ ATOM    2 ------------------------
     Tr[ns(  2)] (up, down, total) =   4.88471  4.87097  9.75568
     Atomic magnetic moment for atom   2 =   0.01373
     SPIN  1
     eigenvalues:
       0.975  0.975  0.977  0.979  0.979
     eigenvectors (columns):
       0.594 -0.620 -0.000  0.496  0.131
       0.117  0.402  0.577  0.494 -0.497
      -0.407 -0.100  0.577  0.184  0.676
      -0.620 -0.594  0.000  0.131 -0.496
      -0.290  0.303 -0.577  0.678  0.179
     occupation matrix ns (before diag.):
       0.976  0.001  0.001  0.000  0.001
       0.001  0.977 -0.000  0.001  0.000
       0.001 -0.000  0.977 -0.001  0.000
       0.000  0.001 -0.001  0.976 -0.000
       0.001  0.000  0.000 -0.000  0.977
     SPIN  2
     eigenvalues:
       0.973  0.973  0.973  0.976  0.976
     eigenvectors (columns):
       0.000 -0.234  0.046 -0.798 -0.553
       0.577  0.257 -0.750  0.016 -0.194
       0.577  0.521  0.598 -0.176  0.083
      -0.000  0.046  0.234  0.553 -0.798
      -0.577  0.778 -0.152 -0.160 -0.111
     occupation matrix ns (before diag.):
       0.976  0.000  0.000  0.000  0.001
       0.000  0.973 -0.000  0.001  0.000
       0.000 -0.000  0.973 -0.001  0.000
       0.000  0.001 -0.001  0.976 -0.000
       0.001  0.000  0.000 -0.000  0.973

     Number of occupied Hubbard levels =   19.5111

     HUBBARD ENERGY =    0.5517  (Ry)

     total cpu time spent up to now is        0.9 secs

     total energy              =    -672.16182420 Ry
     estimated scf accuracy    <      59.46794322 Ry

     total magnetization       =    -0.00 Bohr mag/cell
     absolute magnetization    =     0.56 Bohr mag/cell

     iteration #  3     ecut=    35.00 Ry     beta= 0.70
     Davidson diagonalization with overlap

---- Real-time Memory Report at c_bands before calling an iterative solver
           119 MiB given to the printing process from OS
             0 MiB allocation reported by mallinfo(arena+hblkhd)
        225008 MiB available memory on the node where the printing process lives
------------------
     ethr =  1.00E-02,  avg # of iterations =  2.8

     =================== HUBBARD OCCUPATIONS ===================
     ------------------------ ATOM    1 ------------------------
     Tr[ns(  1)] (up, down, total) =   4.97860  2.23852  7.21712
     Atomic magnetic moment for atom   1 =   2.74008
     SPIN  1
     eigenvalues:
       0.994  0.994  0.996  0.997  0.997
     eigenvectors (columns):
      -0.773 -0.601  0.000  0.202 -0.028
       0.023 -0.165  0.577 -0.300  0.741
      -0.154  0.063  0.577 -0.492 -0.630
       0.601 -0.773 -0.000 -0.028 -0.202
      -0.131 -0.102 -0.577 -0.792  0.111
     occupation matrix ns (before diag.):
       0.995 -0.000 -0.000  0.000 -0.000
      -0.000  0.997 -0.000 -0.000  0.000
      -0.000 -0.000  0.997  0.000  0.000
       0.000 -0.000  0.000  0.995 -0.000
      -0.000  0.000  0.000 -0.000  0.997
     SPIN  2
     eigenvalues:
       0.137  0.137  0.552  0.706  0.706
     eigenvectors (columns):
      -0.587  0.805  0.000  0.086  0.016
      -0.029 -0.065 -0.577  0.529 -0.618
       0.071  0.008 -0.577  0.271  0.767
       0.805  0.587 -0.000  0.016 -0.086
       0.042 -0.057  0.577  0.800  0.149
     occupation matrix ns (before diag.):
       0.142  0.020  0.020  0.000  0.040
       0.020  0.652 -0.050  0.035  0.050
       0.020 -0.050  0.652 -0.035  0.050
       0.000  0.035 -0.035  0.142 -0.000
       0.040  0.050  0.050 -0.000  0.652
     ------------------------ ATOM    2 ------------------------
     Tr[ns(  2)] (up, down, total) =   2.23883  4.97858  7.21741
     Atomic magnetic moment for atom   2 =  -2.73975
     SPIN  1
     eigenvalues:
       0.137  0.137  0.557  0.704  0.704
     eigenvectors (columns):
      -0.694  0.715  0.000  0.087  0.014
      -0.020 -0.069 -0.577  0.512 -0.632
       0.069  0.018 -0.577  0.291  0.759
       0.715  0.694 -0.000  0.014 -0.087
       0.050 -0.051  0.577  0.803  0.128
     occupation matrix ns (before diag.):
       0.142  0.020  0.020  0.000  0.040
       0.020  0.652 -0.048  0.035  0.048
       0.020 -0.048  0.652 -0.035  0.048
       0.000  0.035 -0.035  0.142 -0.000
       0.040  0.048  0.048 -0.000  0.652
     SPIN  2
     eigenvalues:
       0.994  0.994  0.996  0.997  0.997
     eigenvectors (columns):
      -0.753 -0.625  0.000  0.201 -0.039
       0.028 -0.165  0.577 -0.259  0.756
      -0.157  0.058  0.577 -0.525 -0.603
       0.625 -0.753 -0.000 -0.039 -0.201
      -0.129 -0.107 -0.577 -0.784  0.153
     occupation matrix ns (before diag.):
       0.995 -0.000 -0.000  0.000 -0.000
      -0.000  0.997 -0.000 -0.000  0.000
      -0.000 -0.000  0.997  0.000  0.000
       0.000 -0.000  0.000  0.995 -0.000
      -0.000  0.000  0.000 -0.000  0.997

     Number of occupied Hubbard levels =   14.4345

     HUBBARD ENERGY =    0.4941  (Ry)

     total cpu time spent up to now is        1.0 secs

     total energy              =    -678.15653184 Ry
     estimated scf accuracy    <       0.43497156 Ry

     total magnetization       =     0.00 Bohr mag/cell
     absolute magnetization    =     5.78 Bohr mag/cell

     iteration #  4     ecut=    35.00 Ry     beta= 0.70
     Davidson diagonalization with overlap

---- Real-time Memory Report at c_bands before calling an iterative solver
           119 MiB given to the printing process from OS
             0 MiB allocation reported by mallinfo(arena+hblkhd)
        225007 MiB available memory on the node where the printing process lives
------------------
     ethr =  9.46E-04,  avg # of iterations =  2.2

     =================== HUBBARD OCCUPATIONS ===================
     ------------------------ ATOM    1 ------------------------
     Tr[ns(  1)] (up, down, total) =   4.96456  2.40413  7.36869
     Atomic magnetic moment for atom   1 =   2.56043
     SPIN  1
     eigenvalues:
       0.991  0.991  0.994  0.995  0.995
     eigenvectors (columns):
       0.746  0.662  0.000  0.076 -0.002
      -0.012  0.060 -0.577 -0.424 -0.695
       0.059 -0.019 -0.577 -0.390  0.715
      -0.662  0.746 -0.000  0.002  0.076
       0.046  0.041  0.577 -0.814  0.019
     occupation matrix ns (before diag.):
       0.991 -0.000 -0.000  0.000 -0.000
      -0.000  0.994 -0.000 -0.000  0.000
      -0.000 -0.000  0.994  0.000  0.000
       0.000 -0.000  0.000  0.991 -0.000
      -0.000  0.000  0.000 -0.000  0.994
     SPIN  2
     eigenvalues:
       0.166  0.166  0.342  0.866  0.866
     eigenvectors (columns):
      -0.615  0.786  0.000  0.064  0.008
      -0.020 -0.049 -0.577  0.497 -0.646
       0.052  0.007 -0.577  0.311  0.753
       0.786  0.615 -0.000  0.008 -0.064
       0.032 -0.041  0.577  0.808  0.107
     occupation matrix ns (before diag.):
       0.169  0.018  0.018  0.000  0.037
       0.018  0.689 -0.174  0.032  0.174
       0.018 -0.174  0.689 -0.032  0.174
       0.000  0.032 -0.032  0.169 -0.000
       0.037  0.174  0.174 -0.000  0.689
     ------------------------ ATOM    2 ------------------------
     Tr[ns(  2)] (up, down, total) =   2.40033  4.96465  7.36498
     Atomic magnetic moment for atom   2 =  -2.56433
     SPIN  1
     eigenvalues:
       0.166  0.166  0.350  0.859  0.859
     eigenvectors (columns):
      -0.666  0.743  0.000  0.063  0.010
      -0.016 -0.050 -0.577  0.510 -0.636
       0.051  0.011 -0.577  0.295  0.759
       0.743  0.666 -0.000  0.010 -0.063
       0.035 -0.039  0.577  0.805  0.124
     occupation matrix ns (before diag.):
       0.168  0.018  0.018  0.000  0.036
       0.018  0.688 -0.169  0.031  0.169
       0.018 -0.169  0.688 -0.031  0.169
       0.000  0.031 -0.031  0.168 -0.000
       0.036  0.169  0.169 -0.000  0.688
     SPIN  2
     eigenvalues:
       0.991  0.991  0.994  0.995  0.995
     eigenvectors (columns):
       0.710  0.699  0.000  0.080 -0.002
      -0.016  0.064 -0.577 -0.424 -0.694
       0.063 -0.018 -0.577 -0.389  0.715
      -0.699  0.710 -0.000  0.002  0.080
       0.047  0.046  0.577 -0.814  0.020
     occupation matrix ns (before diag.):
       0.991 -0.000 -0.000  0.000 -0.000
      -0.000  0.994 -0.000 -0.000  0.000
      -0.000 -0.000  0.994  0.000  0.000
       0.000 -0.000  0.000  0.991 -0.000
      -0.000  0.000  0.000 -0.000  0.994

     Number of occupied Hubbard levels =   14.7337

     HUBBARD ENERGY =    0.4023  (Ry)

     total cpu time spent up to now is        1.2 secs

     total energy              =    -678.28703702 Ry
     estimated scf accuracy    <       0.23755185 Ry

     total magnetization       =    -0.01 Bohr mag/cell
     absolute magnetization    =     5.41 Bohr mag/cell

     iteration #  5     ecut=    35.00 Ry     beta= 0.70
     Davidson diagonalization with overlap

---- Real-time Memory Report at c_bands before calling an iterative solver
           120 MiB given to the printing process from OS
             0 MiB allocation reported by mallinfo(arena+hblkhd)
        225007 MiB available memory on the node where the printing process lives
------------------
     ethr =  5.16E-04,  avg # of iterations =  2.0
     Minimization algorithm failed to find Fermi energy: reverting to bisection
     Possible cause: smearing is larger than the electronic band-gap.

     =================== HUBBARD OCCUPATIONS ===================
     ------------------------ ATOM    1 ------------------------
     Tr[ns(  1)] (up, down, total) =   4.96576  2.30879  7.27455
     Atomic magnetic moment for atom   1 =   2.65697
     SPIN  1
     eigenvalues:
       0.992  0.992  0.993  0.994  0.994
     eigenvectors (columns):
      -0.863 -0.323 -0.000  0.351 -0.166
      -0.052 -0.313  0.577 -0.062  0.750
      -0.245  0.202  0.577 -0.618 -0.428
       0.323 -0.863  0.000 -0.166 -0.351
      -0.297 -0.111 -0.577 -0.680  0.321
     occupation matrix ns (before diag.):
       0.992 -0.000 -0.000  0.000 -0.001
      -0.000  0.994 -0.000 -0.001  0.000
      -0.000 -0.000  0.994  0.001  0.000
       0.000 -0.001  0.001  0.992 -0.000
      -0.001  0.000  0.000 -0.000  0.994
     SPIN  2
     eigenvalues:
       0.107  0.136  0.136  0.965  0.965
     eigenvectors (columns):
      -0.000 -0.724 -0.689  0.045 -0.005
      -0.577 -0.009  0.036  0.487  0.654
      -0.577  0.036 -0.011  0.323 -0.749
       0.000  0.689 -0.724  0.005  0.045
       0.577  0.027  0.026  0.810 -0.095
     occupation matrix ns (before diag.):
       0.138  0.015  0.015  0.000  0.031
       0.015  0.678 -0.285  0.027  0.285
       0.015 -0.285  0.678 -0.027  0.285
       0.000  0.027 -0.027  0.138 -0.000
       0.031  0.285  0.285 -0.000  0.678
     ------------------------ ATOM    2 ------------------------
     Tr[ns(  2)] (up, down, total) =   2.32175  4.96605  7.28781
     Atomic magnetic moment for atom   2 =  -2.64430
     SPIN  1
     eigenvalues:
       0.112  0.138  0.138  0.967  0.967
     eigenvectors (columns):
      -0.000 -0.730 -0.681  0.046 -0.008
      -0.577 -0.009  0.037  0.519  0.629
      -0.577  0.037 -0.011  0.286 -0.764
       0.000  0.681 -0.730  0.008  0.046
       0.577  0.028  0.026  0.804 -0.135
     occupation matrix ns (before diag.):
       0.140  0.016  0.016  0.000  0.032
       0.016  0.681 -0.284  0.028  0.284
       0.016 -0.284  0.681 -0.028  0.284
       0.000  0.028 -0.028  0.140 -0.000
       0.032  0.284  0.284 -0.000  0.681
     SPIN  2
     eigenvalues:
       0.992  0.992  0.993  0.995  0.995
     eigenvectors (columns):
      -0.827 -0.424 -0.000  0.331 -0.166
      -0.015 -0.302  0.577 -0.044  0.757
      -0.254  0.164  0.577 -0.634 -0.416
       0.424 -0.827  0.000 -0.166 -0.331
      -0.269 -0.138 -0.577 -0.678  0.341
     occupation matrix ns (before diag.):
       0.992 -0.000 -0.000  0.000 -0.001
      -0.000  0.994 -0.000 -0.001  0.000
      -0.000 -0.000  0.994  0.001  0.000
       0.000 -0.001  0.001  0.992 -0.000
      -0.001  0.000  0.000 -0.000  0.994

     Number of occupied Hubbard levels =   14.5624

     HUBBARD ENERGY =    0.3282  (Ry)

     total cpu time spent up to now is        1.3 secs

     total energy              =    -678.39338837 Ry
     estimated scf accuracy    <       0.11083770 Ry

     total magnetization       =     0.01 Bohr mag/cell
     absolute magnetization    =     5.51 Bohr mag/cell

     iteration #  6     ecut=    35.00 Ry     beta= 0.70
     Davidson diagonalization with overlap

---- Real-time Memory Report at c_bands before calling an iterative solver
           120 MiB given to the printing process from OS
             0 MiB allocation reported by mallinfo(arena+hblkhd)
        225001 MiB available memory on the node where the printing process lives
------------------
     ethr =  2.41E-04,  avg # of iterations =  1.0

     =================== HUBBARD OCCUPATIONS ===================
     ------------------------ ATOM    1 ------------------------
     Tr[ns(  1)] (up, down, total) =   4.96635  2.30605  7.27240
     Atomic magnetic moment for atom   1 =   2.66030
     SPIN  1
     eigenvalues:
       0.991  0.991  0.994  0.995  0.995
     eigenvectors (columns):
       0.772  0.087  0.000  0.487 -0.399
       0.306 -0.413  0.577  0.103  0.626
       0.205  0.471  0.577 -0.594 -0.224
       0.087 -0.772 -0.000 -0.399 -0.487
       0.511  0.058 -0.577 -0.490  0.402
     occupation matrix ns (before diag.):
       0.993 -0.001 -0.001  0.000 -0.001
      -0.001  0.994  0.000 -0.001 -0.000
      -0.001  0.000  0.994  0.001 -0.000
       0.000 -0.001  0.001  0.993 -0.000
      -0.001 -0.000 -0.000 -0.000  0.994
     SPIN  2
     eigenvalues:
       0.072  0.142  0.142  0.975  0.975
     eigenvectors (columns):
      -0.000  0.736  0.676  0.028 -0.003
      -0.577  0.005 -0.022  0.489  0.654
      -0.577 -0.022  0.007  0.322 -0.750
       0.000 -0.676  0.736  0.003  0.028
       0.577 -0.017 -0.015  0.810 -0.097
     occupation matrix ns (before diag.):
       0.143  0.009  0.009  0.000  0.019
       0.009  0.674 -0.301  0.016  0.301
       0.009 -0.301  0.674 -0.016  0.301
       0.000  0.016 -0.016  0.143 -0.000
       0.019  0.301  0.301 -0.000  0.674
     ------------------------ ATOM    2 ------------------------
     Tr[ns(  2)] (up, down, total) =   2.29461  4.96473  7.25934
     Atomic magnetic moment for atom   2 =  -2.67012
     SPIN  1
     eigenvalues:
       0.071  0.138  0.138  0.974  0.974
     eigenvectors (columns):
      -0.000  0.624  0.781  0.028 -0.003
      -0.577  0.008 -0.022  0.485  0.656
      -0.577 -0.023  0.004  0.326 -0.748
       0.000 -0.781  0.624  0.003  0.028
       0.577 -0.015 -0.018  0.811 -0.092
     occupation matrix ns (before diag.):
       0.138  0.010  0.010  0.000  0.020
       0.010  0.673 -0.301  0.017  0.301
       0.010 -0.301  0.673 -0.017  0.301
       0.000  0.017 -0.017  0.138 -0.000
       0.020  0.301  0.301 -0.000  0.673
     SPIN  2
     eigenvalues:
       0.991  0.991  0.994  0.995  0.995
     eigenvectors (columns):
       0.792  0.093  0.000  0.454 -0.398
       0.294 -0.395  0.577  0.127  0.638
       0.195  0.453  0.577 -0.617 -0.209
       0.093 -0.792 -0.000 -0.398 -0.454
       0.490  0.057 -0.577 -0.489  0.429
     occupation matrix ns (before diag.):
       0.992 -0.001 -0.001  0.000 -0.001
      -0.001  0.993  0.000 -0.001 -0.000
      -0.001  0.000  0.993  0.001 -0.000
       0.000 -0.001  0.001  0.992 -0.000
      -0.001 -0.000 -0.000 -0.000  0.993

     Number of occupied Hubbard levels =   14.5317

     HUBBARD ENERGY =    0.1544  (Ry)

     total cpu time spent up to now is        1.4 secs

     WARNING: integrated charge=    46.00063828, expected=    46.00000000

     total energy              =    -678.43232750 Ry
     estimated scf accuracy    <       0.04045534 Ry

     total magnetization       =    -0.00 Bohr mag/cell
     absolute magnetization    =     5.52 Bohr mag/cell

     iteration #  7     ecut=    35.00 Ry     beta= 0.70
     Davidson diagonalization with overlap

---- Real-time Memory Report at c_bands before calling an iterative solver
           120 MiB given to the printing process from OS
             0 MiB allocation reported by mallinfo(arena+hblkhd)
        225000 MiB available memory on the node where the printing process lives
------------------
     ethr =  8.79E-05,  avg # of iterations =  2.2

     =================== HUBBARD OCCUPATIONS ===================
     ------------------------ ATOM    1 ------------------------
     Tr[ns(  1)] (up, down, total) =   4.95861  2.25574  7.21435
     Atomic magnetic moment for atom   1 =   2.70287
     SPIN  1
     eigenvalues:
       0.989  0.989  0.993  0.994  0.994
     eigenvectors (columns):
      -0.761 -0.065  0.000  0.488  0.422
      -0.302  0.432  0.577  0.117 -0.612
      -0.224 -0.477  0.577 -0.589  0.205
      -0.065  0.761 -0.000 -0.422  0.488
      -0.525 -0.045 -0.577 -0.472 -0.408
     occupation matrix ns (before diag.):
       0.991 -0.001 -0.001  0.000 -0.002
      -0.001  0.992  0.001 -0.002 -0.001
      -0.001  0.001  0.992  0.002 -0.001
       0.000 -0.002  0.002  0.991 -0.000
      -0.002 -0.001 -0.001 -0.000  0.992
     SPIN  2
     eigenvalues:
       0.039  0.129  0.129  0.980  0.980
     eigenvectors (columns):
      -0.000 -0.803 -0.596 -0.014  0.001
      -0.577  0.001 -0.011  0.456  0.677
      -0.577 -0.010  0.004  0.358 -0.734
       0.000  0.596 -0.803 -0.001 -0.014
       0.577 -0.009 -0.007  0.814 -0.056
     occupation matrix ns (before diag.):
       0.129 -0.005 -0.005  0.000 -0.010
      -0.005  0.666 -0.313 -0.008  0.313
      -0.005 -0.313  0.666  0.008  0.313
