
     Program PWSCF v.7.2 starts on 23Jun2024 at 13:32:10 

     This program is part of the open-source Quantum ESPRESSO suite
     for quantum simulation of materials; please cite
         "P. Giannozzi et al., J. Phys.:Condens. Matter 21 395502 (2009);
         "P. Giannozzi et al., J. Phys.:Condens. Matter 29 465901 (2017);
         "P. Giannozzi et al., J. Chem. Phys. 152 154105 (2020);
          URL http://www.quantum-espresso.org", 
     in publications or presentations arising from this work. More details at
     http://www.quantum-espresso.org/quote

     Parallel version (MPI), running on    32 processors

     MPI processes distributed on     1 nodes
     237597 MiB available memory on the printing compute node when the environment starts
 
     Waiting for input...
     Reading input from standard input

     Current dimensions of program PWSCF are:
     Max number of different atomic species (ntypx) = 10
     Max number of k-points (npk) =  40000
     Max angular momentum in pseudopotentials (lmaxx) =  4
     Message from routine volume:
     axis vectors are left-handed
     file O.pbesol-n-kjpaw_psl.0.1.UPF: wavefunction(s)  2P renormalized
     Message from routine setup:
     using ibrav=0 with symmetry is DISCOURAGED, use correct ibrav instead
 
     K-points division:     npool     =       2
     R & G space division:  proc/nbgrp/npool/nimage =      16
     Subspace diagonalization in iterative solution of the eigenvalue problem:
     a serial algorithm will be used

 
     Parallelization info
     --------------------
     sticks:   dense  smooth     PW     G-vecs:    dense   smooth      PW
     Min          72      36     12                 1159      408      79
     Max          73      37     13                 1162      409      81
     Sum        1167     587    195                18569     6541    1269
 
     Using Slab Decomposition
 


     bravais-lattice index     =            0
     lattice parameter (alat)  =       8.0000  a.u.
     unit-cell volume          =     235.7543 (a.u.)^3
     number of atoms/cell      =            4
     number of atomic types    =            3
     number of electrons       =        46.00
     number of Kohn-Sham states=           28
     kinetic-energy cutoff     =      35.0000  Ry
     charge density cutoff     =     280.0000  Ry
     scf convergence threshold =      1.0E-10
     mixing beta               =       0.7000
     number of iterations used =            8  plain     mixing
     Exchange-correlation= SLA  PW   PSX  PSC
                           (   1   4  10   8   0   0   0)
     Hubbard projectors: ortho-atomic
     Hubbard parameters of DFT+U (Dudarev formulation) in eV:
     U(Co1-3d) =  0.0001
     U(Co2-3d) =  0.0001

     Internal variables: lda_plus_u = T, lda_plus_u_kind = 0

     celldm(1)=   8.000000  celldm(2)=   0.000000  celldm(3)=   0.000000
     celldm(4)=   0.000000  celldm(5)=   0.000000  celldm(6)=   0.000000

     crystal axes: (cart. coord. in units of alat)
               a(1) = (   0.570726   0.570726   1.031099 )  
               a(2) = (   0.570726   1.031099   0.570726 )  
               a(3) = (   1.031099   0.570726   0.570726 )  

     reciprocal axes: (cart. coord. in units 2 pi/alat)
               b(1) = ( -0.570621 -0.570621  1.601531 )  
               b(2) = ( -0.570621  1.601531 -0.570621 )  
               b(3) = (  1.601531 -0.570621 -0.570621 )  


     PseudoPot. # 1 for Co read from file:
     ./co_pbesol_v1.2.uspp.F.UPF
     MD5 check sum: 3b4cd4e7cc7df4da9fdede0fd33e2193
     Pseudo is Ultrasoft + core correction, Zval = 17.0
     Generated by new atomic code, or converted to UPF format
     Using radial grid of  863 points,  6 beta functions with: 
                l(1) =   0
                l(2) =   0
                l(3) =   1
                l(4) =   1
                l(5) =   2
                l(6) =   2
     Q(r) pseudized with  8 coefficients,  rinner =    1.200   1.200   1.200
                                                       1.200   1.200

     PseudoPot. # 2 for Co read from file:
     ./co_pbesol_v1.2.uspp.F.UPF
     MD5 check sum: 3b4cd4e7cc7df4da9fdede0fd33e2193
     Pseudo is Ultrasoft + core correction, Zval = 17.0
     Generated by new atomic code, or converted to UPF format
     Using radial grid of  863 points,  6 beta functions with: 
                l(1) =   0
                l(2) =   0
                l(3) =   1
                l(4) =   1
                l(5) =   2
                l(6) =   2
     Q(r) pseudized with  8 coefficients,  rinner =    1.200   1.200   1.200
                                                       1.200   1.200

     PseudoPot. # 3 for O  read from file:
     ./O.pbesol-n-kjpaw_psl.0.1.UPF
     MD5 check sum: 126339daddaa87477ab44acfa0b5aa00
     Pseudo is Projector augmented-wave + core cor, Zval =  6.0
     Generated using "atomic" code by A. Dal Corso  v.6.0 svn rev. 13079
     Shape of augmentation charge: BESSEL
     Using radial grid of 1095 points,  4 beta functions with: 
                l(1) =   0
                l(2) =   0
                l(3) =   1
                l(4) =   1
     Q(r) pseudized with 0 coefficients 


     atomic species   valence    mass     pseudopotential
        Co1           17.00    58.93319     Co( 1.00)
        Co2           17.00    58.93319     Co( 1.00)
        O              6.00    15.99900     O ( 1.00)

     Starting magnetic structure 
     atomic species   magnetization
        Co1          0.500
        Co2         -0.500
        O            0.000

     12 Sym. Ops., with inversion, found


                                    s                        frac. trans.

      isym =  1     identity                                     

 cryst.   s( 1) = (     1          0          0      )
                  (     0          1          0      )
                  (     0          0          1      )

 cart.    s( 1) = (  1.0000000  0.0000000  0.0000000 )
                  (  0.0000000  1.0000000  0.0000000 )
                  (  0.0000000  0.0000000  1.0000000 )


      isym =  2     180 deg rotation - cart. axis [1,-1,0]       

 cryst.   s( 2) = (    -1          0          0      )
                  (     0          0         -1      )
                  (     0         -1          0      )

 cart.    s( 2) = ( -0.0000000 -1.0000000 -0.0000000 )
                  ( -1.0000000 -0.0000000 -0.0000000 )
                  ( -0.0000000 -0.0000000 -1.0000000 )


      isym =  3     180 deg rotation - cart. axis [-1,0,1]       

 cryst.   s( 3) = (     0          0         -1      )
                  (     0         -1          0      )
                  (    -1          0          0      )

 cart.    s( 3) = ( -0.0000000 -0.0000000 -1.0000000 )
                  ( -0.0000000 -1.0000000 -0.0000000 )
                  ( -1.0000000 -0.0000000 -0.0000000 )


      isym =  4     180 deg rotation - cart. axis [0,1,-1]       

 cryst.   s( 4) = (     0         -1          0      )
                  (    -1          0          0      )
                  (     0          0         -1      )

 cart.    s( 4) = ( -1.0000000 -0.0000000 -0.0000000 )
                  ( -0.0000000 -0.0000000 -1.0000000 )
                  ( -0.0000000 -1.0000000 -0.0000000 )


      isym =  5     120 deg rotation - cart. axis [-1,-1,-1]     

 cryst.   s( 5) = (     0          1          0      )
                  (     0          0          1      )
                  (     1          0          0      )

 cart.    s( 5) = (  0.0000000  1.0000000  0.0000000 )
                  (  0.0000000  0.0000000  1.0000000 )
                  (  1.0000000  0.0000000  0.0000000 )


      isym =  6     120 deg rotation - cart. axis [1,1,1]        

 cryst.   s( 6) = (     0          0          1      )
                  (     1          0          0      )
                  (     0          1          0      )

 cart.    s( 6) = (  0.0000000  0.0000000  1.0000000 )
                  (  1.0000000  0.0000000  0.0000000 )
                  (  0.0000000  1.0000000  0.0000000 )


      isym =  7     inversion                                    

 cryst.   s( 7) = (    -1          0          0      )
                  (     0         -1          0      )
                  (     0          0         -1      )

 cart.    s( 7) = ( -1.0000000 -0.0000000 -0.0000000 )
                  ( -0.0000000 -1.0000000 -0.0000000 )
                  ( -0.0000000 -0.0000000 -1.0000000 )


      isym =  8     inv. 180 deg rotation - cart. axis [1,-1,0]  

 cryst.   s( 8) = (     1          0          0      )
                  (     0          0          1      )
                  (     0          1          0      )

 cart.    s( 8) = (  0.0000000  1.0000000  0.0000000 )
                  (  1.0000000  0.0000000  0.0000000 )
                  (  0.0000000  0.0000000  1.0000000 )


      isym =  9     inv. 180 deg rotation - cart. axis [-1,0,1]  

 cryst.   s( 9) = (     0          0          1      )
                  (     0          1          0      )
                  (     1          0          0      )

 cart.    s( 9) = (  0.0000000  0.0000000  1.0000000 )
                  (  0.0000000  1.0000000  0.0000000 )
                  (  1.0000000  0.0000000  0.0000000 )


      isym = 10     inv. 180 deg rotation - cart. axis [0,1,-1]  

 cryst.   s(10) = (     0          1          0      )
                  (     1          0          0      )
                  (     0          0          1      )

 cart.    s(10) = (  1.0000000  0.0000000  0.0000000 )
                  (  0.0000000  0.0000000  1.0000000 )
                  (  0.0000000  1.0000000  0.0000000 )


      isym = 11     inv. 120 deg rotation - cart. axis [-1,-1,-1]

 cryst.   s(11) = (     0         -1          0      )
                  (     0          0         -1      )
                  (    -1          0          0      )

 cart.    s(11) = ( -0.0000000 -1.0000000 -0.0000000 )
                  ( -0.0000000 -0.0000000 -1.0000000 )
                  ( -1.0000000 -0.0000000 -0.0000000 )


      isym = 12     inv. 120 deg rotation - cart. axis [1,1,1]   

 cryst.   s(12) = (     0          0         -1      )
                  (    -1          0          0      )
                  (     0         -1          0      )

 cart.    s(12) = ( -0.0000000 -0.0000000 -1.0000000 )
                  ( -1.0000000 -0.0000000 -0.0000000 )
                  ( -0.0000000 -1.0000000 -0.0000000 )


   Cartesian axes

     site n.     atom                  positions (alat units)
         1           Co1 tau(   1) = (   0.0000000   0.0000000   0.0000000  )
         2           Co2 tau(   2) = (   1.0862757   1.0862757   1.0862757  )
         3           O   tau(   3) = (   0.5431378   0.5431378   0.5431378  )
         4           O   tau(   4) = (   1.6294135   1.6294135   1.6294135  )

   Crystallographic axes

     site n.     atom                  positions (cryst. coord.)
         1           Co1 tau(   1) = (  0.0000000  0.0000000  0.0000000  )
         2           Co2 tau(   2) = (  0.5000000  0.5000000  0.5000000  )
         3           O   tau(   3) = (  0.2500000  0.2500000  0.2500000  )
         4           O   tau(   4) = (  0.7500000  0.7500000  0.7500000  )

     number of k points=     6  Marzari-Vanderbilt smearing, width (Ry)=  0.0200
                       cart. coord. in units 2pi/alat
        k(    1) = (   0.0000000   0.0000000   0.0000000), wk =   0.0370370
        k(    2) = (   0.5338435  -0.1902071  -0.1902071), wk =   0.2222222
        k(    3) = (   0.3436365   0.3436365  -0.3804141), wk =   0.2222222
        k(    4) = (  -0.7240506   0.7240506   0.0000000), wk =   0.2222222
        k(    5) = (   0.1534294   0.1534294   0.1534294), wk =   0.0740741
        k(    6) = (  -0.9142576   0.5338435   0.5338435), wk =   0.2222222

                       cryst. coord.
        k(    1) = (   0.0000000   0.0000000   0.0000000), wk =   0.0370370
        k(    2) = (   0.0000000   0.0000000   0.3333333), wk =   0.2222222
        k(    3) = (   0.0000000   0.3333333   0.3333333), wk =   0.2222222
        k(    4) = (   0.0000000   0.3333333  -0.3333333), wk =   0.2222222
        k(    5) = (   0.3333333   0.3333333   0.3333333), wk =   0.0740741
        k(    6) = (   0.3333333   0.3333333  -0.3333333), wk =   0.2222222

     Dense  grid:    18569 G-vectors     FFT dimensions: (  60,  60,  60)

     Smooth grid:     6541 G-vectors     FFT dimensions: (  40,  40,  40)

     Dynamical RAM for                 wfc:       0.02 MB

     Dynamical RAM for     wfc (w. buffer):       0.15 MB

     Dynamical RAM for             U proj.:       0.01 MB

     Dynamical RAM for  U proj. (w. buff.):       0.05 MB

     Dynamical RAM for           str. fact:       0.05 MB

     Dynamical RAM for           local pot:       0.00 MB

     Dynamical RAM for          nlocal pot:       0.04 MB

     Dynamical RAM for                qrad:       4.03 MB

     Dynamical RAM for          rho,v,vnew:       0.77 MB

     Dynamical RAM for               rhoin:       0.26 MB

     Dynamical RAM for            rho*nmix:       0.57 MB

     Dynamical RAM for           G-vectors:       0.07 MB

     Dynamical RAM for          h,s,v(r/c):       0.14 MB

     Dynamical RAM for          <psi|beta>:       0.02 MB

     Dynamical RAM for                 psi:       0.04 MB

     Dynamical RAM for                hpsi:       0.04 MB

     Dynamical RAM for                spsi:       0.04 MB

     Dynamical RAM for      wfcinit/wfcrot:       0.08 MB

     Dynamical RAM for           addusdens:       1.69 MB

     Estimated static dynamical RAM per process >       6.15 MB

     Estimated max dynamical RAM per process >       8.41 MB

     Estimated total dynamical RAM >     260.11 MB

     Check: negative core charge=   -0.000041
     Generating pointlists ...
     new r_m :   0.2019 (alat units)  1.6154 (a.u.) for type    1
     new r_m :   0.2019 (alat units)  1.6154 (a.u.) for type    2
     new r_m :   0.2019 (alat units)  1.6154 (a.u.) for type    3

     Initial potential from superposition of free atoms

     starting charge      44.0000, renormalised to      46.0000

     HUBBARD ENERGY =    0.0000  (Ry)

     STARTING HUBBARD OCCUPATIONS:

     =================== HUBBARD OCCUPATIONS ===================
     ------------------------ ATOM    1 ------------------------
     Tr[ns(  1)] (up, down, total) =   5.00000  2.00000  7.00000
     Atomic magnetic moment for atom   1 =   3.00000
     SPIN  1
     eigenvalues:
       1.000  1.000  1.000  1.000  1.000
     eigenvectors (columns):
       1.000  0.000  0.000  0.000  0.000
       0.000  1.000  0.000  0.000  0.000
       0.000  0.000  1.000  0.000  0.000
       0.000  0.000  0.000  1.000  0.000
       0.000  0.000  0.000  0.000  1.000
     occupation matrix ns (before diag.):
       1.000  0.000  0.000  0.000  0.000
       0.000  1.000  0.000  0.000  0.000
       0.000  0.000  1.000  0.000  0.000
       0.000  0.000  0.000  1.000  0.000
       0.000  0.000  0.000  0.000  1.000
     SPIN  2
     eigenvalues:
       0.400  0.400  0.400  0.400  0.400
     eigenvectors (columns):
       1.000  0.000  0.000  0.000  0.000
       0.000  1.000  0.000  0.000  0.000
       0.000  0.000  1.000  0.000  0.000
       0.000  0.000  0.000  1.000  0.000
       0.000  0.000  0.000  0.000  1.000
     occupation matrix ns (before diag.):
       0.400  0.000  0.000  0.000  0.000
       0.000  0.400  0.000  0.000  0.000
       0.000  0.000  0.400  0.000  0.000
       0.000  0.000  0.000  0.400  0.000
       0.000  0.000  0.000  0.000  0.400
     ------------------------ ATOM    2 ------------------------
     Tr[ns(  2)] (up, down, total) =   2.00000  5.00000  7.00000
     Atomic magnetic moment for atom   2 =  -3.00000
     SPIN  1
     eigenvalues:
       0.400  0.400  0.400  0.400  0.400
     eigenvectors (columns):
       1.000  0.000  0.000  0.000  0.000
       0.000  1.000  0.000  0.000  0.000
       0.000  0.000  1.000  0.000  0.000
       0.000  0.000  0.000  1.000  0.000
       0.000  0.000  0.000  0.000  1.000
     occupation matrix ns (before diag.):
       0.400  0.000  0.000  0.000  0.000
       0.000  0.400  0.000  0.000  0.000
       0.000  0.000  0.400  0.000  0.000
       0.000  0.000  0.000  0.400  0.000
       0.000  0.000  0.000  0.000  0.400
     SPIN  2
     eigenvalues:
       1.000  1.000  1.000  1.000  1.000
     eigenvectors (columns):
       1.000  0.000  0.000  0.000  0.000
       0.000  1.000  0.000  0.000  0.000
       0.000  0.000  1.000  0.000  0.000
       0.000  0.000  0.000  1.000  0.000
       0.000  0.000  0.000  0.000  1.000
     occupation matrix ns (before diag.):
       1.000  0.000  0.000  0.000  0.000
       0.000  1.000  0.000  0.000  0.000
       0.000  0.000  1.000  0.000  0.000
       0.000  0.000  0.000  1.000  0.000
       0.000  0.000  0.000  0.000  1.000

     Number of occupied Hubbard levels =   14.0000

     Atomic wfc used for Hubbard projectors are orthogonalized

     Starting wfcs are   34 randomized atomic wfcs
     Checking if some PAW data can be deallocated... 
       PAW data deallocated on   16 nodes for type:  3

     total cpu time spent up to now is        0.4 secs

     Self-consistent Calculation

     iteration #  1     ecut=    35.00 Ry     beta= 0.70
     Davidson diagonalization with overlap

---- Real-time Memory Report at c_bands before calling an iterative solver
           115 MiB given to the printing process from OS
             0 MiB allocation reported by mallinfo(arena+hblkhd)
        236783 MiB available memory on the node where the printing process lives
------------------
     ethr =  1.00E-02,  avg # of iterations =  3.0

     =================== HUBBARD OCCUPATIONS ===================
     ------------------------ ATOM    1 ------------------------
     Tr[ns(  1)] (up, down, total) =   4.74511  0.74971  5.49482
     Atomic magnetic moment for atom   1 =   3.99540
     SPIN  1
     eigenvalues:
       0.928  0.928  0.947  0.971  0.971
     eigenvectors (columns):
      -0.193  0.045 -0.000 -0.640 -0.742
      -0.546 -0.585 -0.577 -0.053  0.153
      -0.234  0.765 -0.577  0.159 -0.030
      -0.045 -0.193  0.000  0.742 -0.640
      -0.780  0.180  0.577  0.106  0.123
     occupation matrix ns (before diag.):
       0.970 -0.003 -0.003  0.000 -0.007
      -0.003  0.935  0.006 -0.006 -0.006
      -0.003  0.006  0.935  0.006 -0.006
       0.000 -0.006  0.006  0.970 -0.000
      -0.007 -0.006 -0.006 -0.000  0.935
     SPIN  2
     eigenvalues:
       0.057  0.057  0.184  0.226  0.226
     eigenvectors (columns):
       0.689  0.710  0.000  0.141  0.031
       0.032 -0.113 -0.577  0.543 -0.598
      -0.114  0.029 -0.577  0.247  0.769
      -0.710  0.689 -0.000  0.031 -0.141
      -0.082 -0.085  0.577  0.790  0.171
     occupation matrix ns (before diag.):
       0.060  0.010  0.010  0.000  0.020
       0.010  0.210 -0.013  0.017  0.013
       0.010 -0.013  0.210 -0.017  0.013
       0.000  0.017 -0.017  0.060 -0.000
       0.020  0.013  0.013 -0.000  0.210
     ------------------------ ATOM    2 ------------------------
     Tr[ns(  2)] (up, down, total) =   0.74919  4.74573  5.49491
     Atomic magnetic moment for atom   2 =  -3.99654
     SPIN  1
     eigenvalues:
       0.057  0.057  0.184  0.226  0.226
     eigenvectors (columns):
       0.686 -0.713  0.000  0.141  0.031
       0.033  0.113 -0.577  0.544 -0.597
      -0.114 -0.028 -0.577  0.246  0.770
      -0.713 -0.686 -0.000  0.031 -0.141
      -0.082  0.085  0.577  0.789  0.172
     occupation matrix ns (before diag.):
       0.060  0.010  0.010  0.000  0.020
       0.010  0.210 -0.013  0.017  0.013
       0.010 -0.013  0.210 -0.017  0.013
       0.000  0.017 -0.017  0.060 -0.000
       0.020  0.013  0.013 -0.000  0.210
     SPIN  2
     eigenvalues:
       0.928  0.928  0.947  0.971  0.971
     eigenvectors (columns):
      -0.194  0.046 -0.000 -0.655 -0.728
      -0.549 -0.582 -0.577 -0.050  0.155
      -0.230  0.766 -0.577  0.159 -0.034
      -0.046 -0.194  0.000  0.728 -0.655
      -0.779  0.184  0.577  0.109  0.121
     occupation matrix ns (before diag.):
       0.970 -0.003 -0.003  0.000 -0.007
      -0.003  0.935  0.006 -0.006 -0.006
      -0.003  0.006  0.935  0.006 -0.006
       0.000 -0.006  0.006  0.970 -0.000
      -0.007 -0.006 -0.006 -0.000  0.935

     Number of occupied Hubbard levels =   10.9897

     HUBBARD ENERGY =    0.0000  (Ry)

     total cpu time spent up to now is        0.6 secs

     total energy              =    -671.00051698 Ry
     estimated scf accuracy    <      13.20823061 Ry

     total magnetization       =    -0.00 Bohr mag/cell
     absolute magnetization    =     8.36 Bohr mag/cell

     iteration #  2     ecut=    35.00 Ry     beta= 0.70
     Davidson diagonalization with overlap

---- Real-time Memory Report at c_bands before calling an iterative solver
           119 MiB given to the printing process from OS
             0 MiB allocation reported by mallinfo(arena+hblkhd)
        236717 MiB available memory on the node where the printing process lives
------------------
     ethr =  1.00E-02,  avg # of iterations =  3.2

     =================== HUBBARD OCCUPATIONS ===================
     ------------------------ ATOM    1 ------------------------
     Tr[ns(  1)] (up, down, total) =   4.84322  4.88546  9.72868
     Atomic magnetic moment for atom   1 =  -0.04224
     SPIN  1
     eigenvalues:
       0.967  0.967  0.967  0.971  0.971
     eigenvectors (columns):
       0.000 -0.214  0.031 -0.744 -0.632
       0.577  0.296 -0.740  0.032 -0.174
       0.577  0.493  0.627 -0.166  0.059
      -0.000  0.031  0.214  0.632 -0.744
      -0.577  0.789 -0.113 -0.134 -0.114
     occupation matrix ns (before diag.):
       0.971  0.000  0.000  0.000  0.001
       0.000  0.967 -0.000  0.001  0.000
       0.000 -0.000  0.967 -0.001  0.000
       0.000  0.001 -0.001  0.971 -0.000
       0.001  0.000  0.000 -0.000  0.967
     SPIN  2
     eigenvalues:
       0.976  0.976  0.976  0.978  0.978
     eigenvectors (columns):
       0.476 -0.451  0.000  0.744  0.127
       0.143  0.600 -0.577  0.342 -0.412
      -0.591 -0.176 -0.577  0.186  0.502
      -0.451 -0.476 -0.000  0.127 -0.744
      -0.448  0.424  0.577  0.528  0.090
     occupation matrix ns (before diag.):
       0.977  0.000  0.000  0.000  0.001
       0.000  0.977 -0.000  0.001  0.000
       0.000 -0.000  0.977 -0.001  0.000
       0.000  0.001 -0.001  0.977 -0.000
       0.001  0.000  0.000 -0.000  0.977
     ------------------------ ATOM    2 ------------------------
     Tr[ns(  2)] (up, down, total) =   4.88555  4.84332  9.72887
     Atomic magnetic moment for atom   2 =   0.04224
     SPIN  1
     eigenvalues:
       0.976  0.976  0.976  0.978  0.978
     eigenvectors (columns):
       0.498 -0.428  0.000  0.737  0.162
       0.114  0.605 -0.577  0.362 -0.396
      -0.581 -0.204 -0.577  0.162  0.511
      -0.428 -0.498 -0.000  0.162 -0.737
      -0.467  0.402  0.577  0.523  0.115
     occupation matrix ns (before diag.):
       0.977  0.000  0.000  0.000  0.001
       0.000  0.977 -0.000  0.001  0.000
       0.000 -0.000  0.977 -0.001  0.000
       0.000  0.001 -0.001  0.977 -0.000
       0.001  0.000  0.000 -0.000  0.977
     SPIN  2
     eigenvalues:
       0.967  0.967  0.967  0.971  0.971
     eigenvectors (columns):
       0.000 -0.214  0.030 -0.771 -0.598
       0.577  0.299 -0.739  0.024 -0.175
       0.577  0.491  0.628 -0.164  0.067
      -0.000  0.030  0.214  0.598 -0.771
      -0.577  0.789 -0.111 -0.140 -0.108
     occupation matrix ns (before diag.):
       0.971  0.000  0.000  0.000  0.001
       0.000  0.967 -0.000  0.001  0.000
       0.000 -0.000  0.967 -0.001  0.000
       0.000  0.001 -0.001  0.971 -0.000
       0.001  0.000  0.000 -0.000  0.967

     Number of occupied Hubbard levels =   19.4576

     HUBBARD ENERGY =    0.0000  (Ry)

     total cpu time spent up to now is        0.8 secs

     total energy              =    -672.97104019 Ry
     estimated scf accuracy    <      60.21421434 Ry

     total magnetization       =    -0.00 Bohr mag/cell
     absolute magnetization    =     0.59 Bohr mag/cell

     iteration #  3     ecut=    35.00 Ry     beta= 0.70
     Davidson diagonalization with overlap

---- Real-time Memory Report at c_bands before calling an iterative solver
           120 MiB given to the printing process from OS
             0 MiB allocation reported by mallinfo(arena+hblkhd)
        236719 MiB available memory on the node where the printing process lives
------------------
     ethr =  1.00E-02,  avg # of iterations =  2.8

     =================== HUBBARD OCCUPATIONS ===================
     ------------------------ ATOM    1 ------------------------
     Tr[ns(  1)] (up, down, total) =   4.94652  2.43716  7.38368
     Atomic magnetic moment for atom   1 =   2.50935
     SPIN  1
     eigenvalues:
       0.982  0.982  0.994  0.995  0.995
     eigenvectors (columns):
      -0.722 -0.691  0.000 -0.030  0.003
       0.006 -0.024 -0.577  0.472  0.666
      -0.024  0.007 -0.577  0.341 -0.742
       0.691 -0.722 -0.000 -0.003 -0.030
      -0.018 -0.017  0.577  0.813 -0.076
     occupation matrix ns (before diag.):
       0.982 -0.000 -0.000  0.000 -0.000
      -0.000  0.994 -0.000 -0.000  0.000
      -0.000 -0.000  0.994  0.000  0.000
       0.000 -0.000  0.000  0.982 -0.000
      -0.000  0.000  0.000 -0.000  0.994
     SPIN  2
     eigenvalues:
       0.219  0.219  0.626  0.686  0.686
     eigenvectors (columns):
      -0.707  0.707  0.000  0.028  0.003
      -0.006 -0.022 -0.577  0.491 -0.652
       0.022  0.006 -0.577  0.319  0.751
       0.707  0.707 -0.000  0.003 -0.028
       0.016 -0.016  0.577  0.810  0.099
     occupation matrix ns (before diag.):
       0.220  0.005  0.005  0.000  0.011
       0.005  0.666 -0.020  0.009  0.020
       0.005 -0.020  0.666 -0.009  0.020
       0.000  0.009 -0.009  0.220 -0.000
       0.011  0.020  0.020 -0.000  0.666
     ------------------------ ATOM    2 ------------------------
     Tr[ns(  2)] (up, down, total) =   2.42773  4.94643  7.37416
     Atomic magnetic moment for atom   2 =  -2.51870
     SPIN  1
     eigenvalues:
       0.219  0.219  0.622  0.684  0.684
     eigenvectors (columns):
      -0.687  0.726  0.000  0.027  0.004
      -0.006 -0.021 -0.577  0.505 -0.641
       0.022  0.005 -0.577  0.303  0.758
       0.726  0.687 -0.000  0.004 -0.027
       0.015 -0.016  0.577  0.808  0.117
     occupation matrix ns (before diag.):
       0.219  0.005  0.005  0.000  0.010
       0.005  0.663 -0.021  0.009  0.021
       0.005 -0.021  0.663 -0.009  0.021
       0.000  0.009 -0.009  0.219 -0.000
       0.010  0.021  0.021 -0.000  0.663
     SPIN  2
     eigenvalues:
       0.982  0.982  0.994  0.995  0.995
     eigenvectors (columns):
      -0.745 -0.666  0.000 -0.030  0.002
       0.005 -0.024 -0.577  0.463  0.672
      -0.024  0.008 -0.577  0.350 -0.737
       0.666 -0.745 -0.000 -0.002 -0.030
      -0.018 -0.016  0.577  0.813 -0.065
     occupation matrix ns (before diag.):
       0.982 -0.000 -0.000  0.000 -0.000
      -0.000  0.994 -0.000 -0.000  0.000
      -0.000 -0.000  0.994  0.000  0.000
       0.000 -0.000  0.000  0.982 -0.000
      -0.000  0.000  0.000 -0.000  0.994

     Number of occupied Hubbard levels =   14.7578

     HUBBARD ENERGY =    0.0000  (Ry)

     total cpu time spent up to now is        0.9 secs

     total energy              =    -678.64017825 Ry
     estimated scf accuracy    <       0.34789815 Ry

     total magnetization       =    -0.01 Bohr mag/cell
     absolute magnetization    =     5.33 Bohr mag/cell

     iteration #  4     ecut=    35.00 Ry     beta= 0.70
     Davidson diagonalization with overlap

---- Real-time Memory Report at c_bands before calling an iterative solver
           121 MiB given to the printing process from OS
             0 MiB allocation reported by mallinfo(arena+hblkhd)
        236718 MiB available memory on the node where the printing process lives
------------------
     ethr =  7.56E-04,  avg # of iterations =  2.2

     =================== HUBBARD OCCUPATIONS ===================
     ------------------------ ATOM    1 ------------------------
     Tr[ns(  1)] (up, down, total) =   4.88849  2.36371  7.25220
     Atomic magnetic moment for atom   1 =   2.52478
     SPIN  1
     eigenvalues:
       0.963  0.963  0.986  0.988  0.988
     eigenvectors (columns):
       0.688  0.726  0.000  0.004  0.000
       0.001 -0.003 -0.577  0.480 -0.660
      -0.003  0.001 -0.577  0.332  0.746
      -0.726  0.688 -0.000  0.000 -0.004
      -0.002 -0.002  0.577  0.812  0.086
     occupation matrix ns (before diag.):
       0.963  0.000  0.000  0.000  0.000
       0.000  0.987 -0.001  0.000  0.001
       0.000 -0.001  0.987 -0.000  0.001
       0.000  0.000 -0.000  0.963 -0.000
       0.000  0.001  0.001 -0.000  0.987
     SPIN  2
     eigenvalues:
       0.267  0.267  0.534  0.648  0.648
     eigenvectors (columns):
      -0.722  0.692  0.000  0.001  0.000
      -0.000 -0.001 -0.577  0.487 -0.655
       0.001  0.000 -0.577  0.324  0.750
       0.692  0.722 -0.000  0.000 -0.001
       0.001 -0.001  0.577  0.811  0.095
     occupation matrix ns (before diag.):
       0.267  0.000  0.000  0.000  0.000
       0.000  0.610 -0.038  0.000  0.038
       0.000 -0.038  0.610 -0.000  0.038
       0.000  0.000 -0.000  0.267 -0.000
       0.000  0.038  0.038 -0.000  0.610
     ------------------------ ATOM    2 ------------------------
     Tr[ns(  2)] (up, down, total) =   2.78022  4.89586  7.67608
     Atomic magnetic moment for atom   2 =  -2.11564
     SPIN  1
     eigenvalues:
       0.286  0.286  0.680  0.764  0.764
     eigenvectors (columns):
      -0.698  0.715  0.000  0.038  0.004
      -0.008 -0.030 -0.577  0.480 -0.660
       0.030  0.008 -0.577  0.331  0.746
       0.715  0.698 -0.000  0.004 -0.038
       0.022 -0.022  0.577  0.811  0.086
     occupation matrix ns (before diag.):
       0.287  0.007  0.007  0.000  0.015
       0.007  0.735 -0.028  0.013  0.028
       0.007 -0.028  0.735 -0.013  0.028
       0.000  0.013 -0.013  0.287 -0.000
       0.015  0.028  0.028 -0.000  0.735
     SPIN  2
     eigenvalues:
       0.966  0.966  0.986  0.989  0.989
     eigenvectors (columns):
      -0.713  0.701  0.000 -0.008 -0.001
       0.002  0.006 -0.577  0.480 -0.661
      -0.006 -0.002 -0.577  0.332  0.746
       0.701  0.713 -0.000 -0.001  0.008
      -0.005  0.005  0.577  0.812  0.085
     occupation matrix ns (before diag.):
       0.966 -0.000 -0.000  0.000 -0.000
      -0.000  0.988 -0.001 -0.000  0.001
      -0.000 -0.001  0.988  0.000  0.001
       0.000 -0.000  0.000  0.966 -0.000
      -0.000  0.001  0.001 -0.000  0.988

     Number of occupied Hubbard levels =   14.9283

     HUBBARD ENERGY =    0.0000  (Ry)

     total cpu time spent up to now is        1.1 secs

     total energy              =    -678.64841254 Ry
     estimated scf accuracy    <       0.22690922 Ry

     total magnetization       =     0.43 Bohr mag/cell
     absolute magnetization    =     4.93 Bohr mag/cell

     iteration #  5     ecut=    35.00 Ry     beta= 0.70
     Davidson diagonalization with overlap

---- Real-time Memory Report at c_bands before calling an iterative solver
           121 MiB given to the printing process from OS
             0 MiB allocation reported by mallinfo(arena+hblkhd)
        236718 MiB available memory on the node where the printing process lives
------------------
     ethr =  4.93E-04,  avg # of iterations =  2.3

     =================== HUBBARD OCCUPATIONS ===================
     ------------------------ ATOM    1 ------------------------
     Tr[ns(  1)] (up, down, total) =   4.96166  4.66236  9.62402
     Atomic magnetic moment for atom   1 =   0.29929
     SPIN  1
     eigenvalues:
       0.991  0.991  0.992  0.994  0.994
     eigenvectors (columns):
      -0.853 -0.118 -0.000  0.411 -0.300
      -0.156 -0.385  0.577  0.075  0.699
      -0.255  0.328  0.577 -0.643 -0.284
       0.118 -0.853  0.000 -0.300 -0.411
      -0.411 -0.057 -0.577 -0.568  0.415
     occupation matrix ns (before diag.):
       0.992 -0.001 -0.001  0.000 -0.001
      -0.001  0.993 -0.000 -0.001  0.000
      -0.001 -0.000  0.993  0.001  0.000
       0.000 -0.001  0.001  0.992 -0.000
      -0.001  0.000  0.000 -0.000  0.993
     SPIN  2
     eigenvalues:
       0.862  0.862  0.977  0.980  0.980
     eigenvectors (columns):
       0.716 -0.698  0.000  0.010  0.001
       0.002  0.008 -0.577  0.490 -0.653
      -0.008 -0.002 -0.577  0.321  0.751
      -0.698 -0.716 -0.000  0.001 -0.010
      -0.006  0.006  0.577  0.811  0.098
     occupation matrix ns (before diag.):
       0.862  0.000  0.000  0.000  0.001
       0.000  0.979 -0.001  0.001  0.001
       0.000 -0.001  0.979 -0.001  0.001
       0.000  0.001 -0.001  0.862 -0.000
       0.001  0.001  0.001 -0.000  0.979
     ------------------------ ATOM    2 ------------------------
     Tr[ns(  2)] (up, down, total) =   0.93314  4.07562  5.00875
     Atomic magnetic moment for atom   2 =  -3.14248
     SPIN  1
     eigenvalues:
       0.132  0.132  0.220  0.220  0.228
     eigenvectors (columns):
       0.686  0.724  0.069 -0.014 -0.000
       0.016 -0.055  0.540  0.610  0.577
      -0.056  0.013  0.258 -0.772  0.577
      -0.724  0.686  0.014  0.069  0.000
      -0.040 -0.042  0.798 -0.163 -0.577
     occupation matrix ns (before diag.):
       0.133  0.003  0.003  0.000  0.005
       0.003  0.223  0.003  0.004 -0.003
       0.003  0.003  0.223 -0.004 -0.003
       0.000  0.004 -0.004  0.133 -0.000
       0.005 -0.003 -0.003 -0.000  0.223
     SPIN  2
     eigenvalues:
       0.572  0.572  0.971  0.980  0.980
     eigenvectors (columns):
       0.723 -0.689  0.000  0.045  0.006
       0.009  0.036 -0.577  0.499 -0.645
      -0.036 -0.011 -0.577  0.310  0.755
      -0.689 -0.723 -0.000  0.006 -0.045
      -0.027  0.026  0.577  0.808  0.109
     occupation matrix ns (before diag.):
       0.573  0.008  0.008  0.000  0.015
       0.008  0.977 -0.003  0.013  0.003
       0.008 -0.003  0.977 -0.013  0.003
       0.000  0.013 -0.013  0.573 -0.000
       0.015  0.003  0.003 -0.000  0.977

     Number of occupied Hubbard levels =   14.6328

     HUBBARD ENERGY =    0.0000  (Ry)

     total cpu time spent up to now is        1.2 secs

     total energy              =    -678.40848619 Ry
     estimated scf accuracy    <      10.98618266 Ry

     total magnetization       =    -2.75 Bohr mag/cell
     absolute magnetization    =     3.78 Bohr mag/cell

     iteration #  6     ecut=    35.00 Ry     beta= 0.70
     Davidson diagonalization with overlap

---- Real-time Memory Report at c_bands before calling an iterative solver
           121 MiB given to the printing process from OS
             0 MiB allocation reported by mallinfo(arena+hblkhd)
        236717 MiB available memory on the node where the printing process lives
------------------
     ethr =  4.93E-04,  avg # of iterations =  2.2

     =================== HUBBARD OCCUPATIONS ===================
     ------------------------ ATOM    1 ------------------------
     Tr[ns(  1)] (up, down, total) =   4.87771  2.37175  7.24946
     Atomic magnetic moment for atom   1 =   2.50596
     SPIN  1
     eigenvalues:
       0.960  0.960  0.984  0.987  0.987
     eigenvectors (columns):
      -0.704 -0.710  0.000 -0.009 -0.001
       0.002 -0.007 -0.577  0.501 -0.645
      -0.007  0.002 -0.577  0.308  0.756
       0.710 -0.704 -0.000 -0.001  0.009
      -0.005 -0.005  0.577  0.809  0.112
     occupation matrix ns (before diag.):
       0.960 -0.000 -0.000  0.000 -0.000
      -0.000  0.986 -0.001 -0.000  0.001
      -0.000 -0.001  0.986  0.000  0.001
       0.000 -0.000  0.000  0.960 -0.000
      -0.000  0.001  0.001 -0.000  0.986
     SPIN  2
     eigenvalues:
       0.241  0.241  0.546  0.672  0.672
     eigenvectors (columns):
      -0.720  0.694  0.000  0.013  0.001
      -0.003 -0.010 -0.577  0.484 -0.658
       0.010  0.003 -0.577  0.328  0.748
       0.694  0.720 -0.000  0.001 -0.013
       0.008 -0.007  0.577  0.811  0.090
     occupation matrix ns (before diag.):
       0.241  0.002  0.002  0.000  0.005
       0.002  0.630 -0.042  0.004  0.042
       0.002 -0.042  0.630 -0.004  0.042
       0.000  0.004 -0.004  0.241 -0.000
       0.005  0.042  0.042 -0.000  0.630
     ------------------------ ATOM    2 ------------------------
     Tr[ns(  2)] (up, down, total) =   2.61508  4.87496  7.49004
     Atomic magnetic moment for atom   2 =  -2.25988
     SPIN  1
     eigenvalues:
       0.247  0.247  0.656  0.733  0.733
     eigenvectors (columns):
      -0.728  0.685  0.000  0.029  0.004
      -0.006 -0.024 -0.577  0.503 -0.643
       0.023  0.007 -0.577  0.305  0.757
       0.685  0.728 -0.000  0.004 -0.029
       0.018 -0.017  0.577  0.808  0.114
     occupation matrix ns (before diag.):
       0.247  0.006  0.006  0.000  0.012
       0.006  0.707 -0.025  0.010  0.025
       0.006 -0.025  0.707 -0.010  0.025
       0.000  0.010 -0.010  0.247 -0.000
       0.012  0.025  0.025 -0.000  0.707
     SPIN  2
     eigenvalues:
       0.960  0.960  0.983  0.986  0.986
     eigenvectors (columns):
      -0.696 -0.718  0.000 -0.018 -0.002
       0.004 -0.014 -0.577  0.471 -0.667
      -0.014  0.004 -0.577  0.342  0.741
       0.718 -0.696 -0.000 -0.002  0.018
      -0.010 -0.010  0.577  0.813  0.074
     occupation matrix ns (before diag.):
       0.960 -0.000 -0.000  0.000 -0.000
      -0.000  0.985 -0.001 -0.000  0.001
      -0.000 -0.001  0.985  0.000  0.001
       0.000 -0.000  0.000  0.960 -0.000
      -0.000  0.001  0.001 -0.000  0.985

     Number of occupied Hubbard levels =   14.7395

     HUBBARD ENERGY =    0.0000  (Ry)

     total cpu time spent up to now is        1.4 secs

     total energy              =    -678.71760403 Ry
     estimated scf accuracy    <       0.02990435 Ry

     total magnetization       =     0.27 Bohr mag/cell
     absolute magnetization    =     5.00 Bohr mag/cell

     iteration #  7     ecut=    35.00 Ry     beta= 0.70
     Davidson diagonalization with overlap

---- Real-time Memory Report at c_bands before calling an iterative solver
           121 MiB given to the printing process from OS
             0 MiB allocation reported by mallinfo(arena+hblkhd)
        236712 MiB available memory on the node where the printing process lives
------------------
     ethr =  6.50E-05,  avg # of iterations =  1.8

     =================== HUBBARD OCCUPATIONS ===================
     ------------------------ ATOM    1 ------------------------
     Tr[ns(  1)] (up, down, total) =   4.87196  2.69234  7.56430
     Atomic magnetic moment for atom   1 =   2.17963
     SPIN  1
     eigenvalues:
       0.957  0.957  0.984  0.987  0.987
     eigenvectors (columns):
      -0.683 -0.731  0.000 -0.002 -0.000
       0.000 -0.001 -0.577  0.482 -0.659
      -0.001  0.000 -0.577  0.329  0.747
       0.731 -0.683 -0.000 -0.000  0.002
      -0.001 -0.001  0.577  0.812  0.088
     occupation matrix ns (before diag.):
       0.957 -0.000 -0.000  0.000 -0.000
      -0.000  0.986 -0.001 -0.000  0.001
      -0.000 -0.001  0.986  0.000  0.001
       0.000 -0.000  0.000  0.957 -0.000
      -0.000  0.001  0.001 -0.000  0.986
     SPIN  2
     eigenvalues:
       0.273  0.273  0.652  0.747  0.747
     eigenvectors (columns):
      -0.675  0.738  0.000  0.019  0.002
      -0.005 -0.015 -0.577  0.495 -0.649
       0.015  0.003 -0.577  0.314  0.753
       0.738  0.675 -0.000  0.002 -0.019
       0.010 -0.011  0.577  0.810  0.104
     occupation matrix ns (before diag.):
       0.274  0.004  0.004  0.000  0.007
       0.004  0.715 -0.032  0.006  0.032
       0.004 -0.032  0.715 -0.006  0.032
       0.000  0.006 -0.006  0.274 -0.000
       0.007  0.032  0.032 -0.000  0.715
     ------------------------ ATOM    2 ------------------------
     Tr[ns(  2)] (up, down, total) =   2.42227  4.85551  7.27778
