
     Program PWSCF v.7.2 starts on 23Jun2024 at 13:40: 4 

     This program is part of the open-source Quantum ESPRESSO suite
     for quantum simulation of materials; please cite
         "P. Giannozzi et al., J. Phys.:Condens. Matter 21 395502 (2009);
         "P. Giannozzi et al., J. Phys.:Condens. Matter 29 465901 (2017);
         "P. Giannozzi et al., J. Chem. Phys. 152 154105 (2020);
          URL http://www.quantum-espresso.org", 
     in publications or presentations arising from this work. More details at
     http://www.quantum-espresso.org/quote

     Parallel version (MPI), running on    32 processors

     MPI processes distributed on     1 nodes
     211880 MiB available memory on the printing compute node when the environment starts
 
     Waiting for input...
     Reading input from standard input

     Current dimensions of program PWSCF are:
     Max number of different atomic species (ntypx) = 10
     Max number of k-points (npk) =  40000
     Max angular momentum in pseudopotentials (lmaxx) =  4
     Message from routine volume:
     axis vectors are left-handed
     file O.pbesol-n-kjpaw_psl.0.1.UPF: wavefunction(s)  2P renormalized
     Message from routine setup:
     using ibrav=0 with symmetry is DISCOURAGED, use correct ibrav instead
 
     K-points division:     npool     =       2
     R & G space division:  proc/nbgrp/npool/nimage =      16
     Subspace diagonalization in iterative solution of the eigenvalue problem:
     a serial algorithm will be used

 
     Parallelization info
     --------------------
     sticks:   dense  smooth     PW     G-vecs:    dense   smooth      PW
     Min         105      52     17                 1994      706     139
     Max         106      53     18                 1996      708     141
     Sum        1689     839    281                31923    11307    2241
 
     Using Slab Decomposition
 


     bravais-lattice index     =            0
     lattice parameter (alat)  =       8.0000  a.u.
     unit-cell volume          =     235.7543 (a.u.)^3
     number of atoms/cell      =            4
     number of atomic types    =            3
     number of electrons       =        46.00
     number of Kohn-Sham states=           28
     kinetic-energy cutoff     =      50.0000  Ry
     charge density cutoff     =     400.0000  Ry
     scf convergence threshold =      1.0E-10
     mixing beta               =       0.7000
     number of iterations used =            8  plain     mixing
     energy convergence thresh.=      1.0E-04
     force convergence thresh. =      1.0E-03
     press convergence thresh. =      5.0E-01
     Exchange-correlation= SLA  PW   PSX  PSC
                           (   1   4  10   8   0   0   0)
     nstep                     =           50

     Hubbard projectors: ortho-atomic
     Hubbard parameters of DFT+U (Dudarev formulation) in eV:
     U(Co1-3d) =  6.7553
     U(Co2-3d) =  6.7553

     Internal variables: lda_plus_u = T, lda_plus_u_kind = 0

     celldm(1)=   8.000000  celldm(2)=   0.000000  celldm(3)=   0.000000
     celldm(4)=   0.000000  celldm(5)=   0.000000  celldm(6)=   0.000000

     crystal axes: (cart. coord. in units of alat)
               a(1) = (   0.570726   0.570726   1.031099 )  
               a(2) = (   0.570726   1.031099   0.570726 )  
               a(3) = (   1.031099   0.570726   0.570726 )  

     reciprocal axes: (cart. coord. in units 2 pi/alat)
               b(1) = ( -0.570621 -0.570621  1.601531 )  
               b(2) = ( -0.570621  1.601531 -0.570621 )  
               b(3) = (  1.601531 -0.570621 -0.570621 )  


     PseudoPot. # 1 for Co read from file:
     ./co_pbesol_v1.2.uspp.F.UPF
     MD5 check sum: 3b4cd4e7cc7df4da9fdede0fd33e2193
     Pseudo is Ultrasoft + core correction, Zval = 17.0
     Generated by new atomic code, or converted to UPF format
     Using radial grid of  863 points,  6 beta functions with: 
                l(1) =   0
                l(2) =   0
                l(3) =   1
                l(4) =   1
                l(5) =   2
                l(6) =   2
     Q(r) pseudized with  8 coefficients,  rinner =    1.200   1.200   1.200
                                                       1.200   1.200

     PseudoPot. # 2 for Co read from file:
     ./co_pbesol_v1.2.uspp.F.UPF
     MD5 check sum: 3b4cd4e7cc7df4da9fdede0fd33e2193
     Pseudo is Ultrasoft + core correction, Zval = 17.0
     Generated by new atomic code, or converted to UPF format
     Using radial grid of  863 points,  6 beta functions with: 
                l(1) =   0
                l(2) =   0
                l(3) =   1
                l(4) =   1
                l(5) =   2
                l(6) =   2
     Q(r) pseudized with  8 coefficients,  rinner =    1.200   1.200   1.200
                                                       1.200   1.200

     PseudoPot. # 3 for O  read from file:
     ./O.pbesol-n-kjpaw_psl.0.1.UPF
     MD5 check sum: 126339daddaa87477ab44acfa0b5aa00
     Pseudo is Projector augmented-wave + core cor, Zval =  6.0
     Generated using "atomic" code by A. Dal Corso  v.6.0 svn rev. 13079
     Shape of augmentation charge: BESSEL
     Using radial grid of 1095 points,  4 beta functions with: 
                l(1) =   0
                l(2) =   0
                l(3) =   1
                l(4) =   1
     Q(r) pseudized with 0 coefficients 


     atomic species   valence    mass     pseudopotential
        Co1           17.00    58.93319     Co( 1.00)
        Co2           17.00    58.93319     Co( 1.00)
        O              6.00    15.99900     O ( 1.00)

     Starting magnetic structure 
     atomic species   magnetization
        Co1          0.500
        Co2         -0.500
        O            0.000

     12 Sym. Ops., with inversion, found


                                    s                        frac. trans.

      isym =  1     identity                                     

 cryst.   s( 1) = (     1          0          0      )
                  (     0          1          0      )
                  (     0          0          1      )

 cart.    s( 1) = (  1.0000000  0.0000000  0.0000000 )
                  (  0.0000000  1.0000000  0.0000000 )
                  (  0.0000000  0.0000000  1.0000000 )


      isym =  2     180 deg rotation - cart. axis [1,-1,0]       

 cryst.   s( 2) = (    -1          0          0      )
                  (     0          0         -1      )
                  (     0         -1          0      )

 cart.    s( 2) = ( -0.0000000 -1.0000000 -0.0000000 )
                  ( -1.0000000 -0.0000000 -0.0000000 )
                  ( -0.0000000 -0.0000000 -1.0000000 )


      isym =  3     180 deg rotation - cart. axis [-1,0,1]       

 cryst.   s( 3) = (     0          0         -1      )
                  (     0         -1          0      )
                  (    -1          0          0      )

 cart.    s( 3) = ( -0.0000000 -0.0000000 -1.0000000 )
                  ( -0.0000000 -1.0000000 -0.0000000 )
                  ( -1.0000000 -0.0000000 -0.0000000 )


      isym =  4     180 deg rotation - cart. axis [0,1,-1]       

 cryst.   s( 4) = (     0         -1          0      )
                  (    -1          0          0      )
                  (     0          0         -1      )

 cart.    s( 4) = ( -1.0000000 -0.0000000 -0.0000000 )
                  ( -0.0000000 -0.0000000 -1.0000000 )
                  ( -0.0000000 -1.0000000 -0.0000000 )


      isym =  5     120 deg rotation - cart. axis [-1,-1,-1]     

 cryst.   s( 5) = (     0          1          0      )
                  (     0          0          1      )
                  (     1          0          0      )

 cart.    s( 5) = (  0.0000000  1.0000000  0.0000000 )
                  (  0.0000000  0.0000000  1.0000000 )
                  (  1.0000000  0.0000000  0.0000000 )


      isym =  6     120 deg rotation - cart. axis [1,1,1]        

 cryst.   s( 6) = (     0          0          1      )
                  (     1          0          0      )
                  (     0          1          0      )

 cart.    s( 6) = (  0.0000000  0.0000000  1.0000000 )
                  (  1.0000000  0.0000000  0.0000000 )
                  (  0.0000000  1.0000000  0.0000000 )


      isym =  7     inversion                                    

 cryst.   s( 7) = (    -1          0          0      )
                  (     0         -1          0      )
                  (     0          0         -1      )

 cart.    s( 7) = ( -1.0000000 -0.0000000 -0.0000000 )
                  ( -0.0000000 -1.0000000 -0.0000000 )
                  ( -0.0000000 -0.0000000 -1.0000000 )


      isym =  8     inv. 180 deg rotation - cart. axis [1,-1,0]  

 cryst.   s( 8) = (     1          0          0      )
                  (     0          0          1      )
                  (     0          1          0      )

 cart.    s( 8) = (  0.0000000  1.0000000  0.0000000 )
                  (  1.0000000  0.0000000  0.0000000 )
                  (  0.0000000  0.0000000  1.0000000 )


      isym =  9     inv. 180 deg rotation - cart. axis [-1,0,1]  

 cryst.   s( 9) = (     0          0          1      )
                  (     0          1          0      )
                  (     1          0          0      )

 cart.    s( 9) = (  0.0000000  0.0000000  1.0000000 )
                  (  0.0000000  1.0000000  0.0000000 )
                  (  1.0000000  0.0000000  0.0000000 )


      isym = 10     inv. 180 deg rotation - cart. axis [0,1,-1]  

 cryst.   s(10) = (     0          1          0      )
                  (     1          0          0      )
                  (     0          0          1      )

 cart.    s(10) = (  1.0000000  0.0000000  0.0000000 )
                  (  0.0000000  0.0000000  1.0000000 )
                  (  0.0000000  1.0000000  0.0000000 )


      isym = 11     inv. 120 deg rotation - cart. axis [-1,-1,-1]

 cryst.   s(11) = (     0         -1          0      )
                  (     0          0         -1      )
                  (    -1          0          0      )

 cart.    s(11) = ( -0.0000000 -1.0000000 -0.0000000 )
                  ( -0.0000000 -0.0000000 -1.0000000 )
                  ( -1.0000000 -0.0000000 -0.0000000 )


      isym = 12     inv. 120 deg rotation - cart. axis [1,1,1]   

 cryst.   s(12) = (     0          0         -1      )
                  (    -1          0          0      )
                  (     0         -1          0      )

 cart.    s(12) = ( -0.0000000 -0.0000000 -1.0000000 )
                  ( -1.0000000 -0.0000000 -0.0000000 )
                  ( -0.0000000 -1.0000000 -0.0000000 )


   Cartesian axes

     site n.     atom                  positions (alat units)
         1           Co1 tau(   1) = (   0.0000000   0.0000000   0.0000000  )
         2           Co2 tau(   2) = (   1.0862757   1.0862757   1.0862757  )
         3           O   tau(   3) = (   0.5431378   0.5431378   0.5431378  )
         4           O   tau(   4) = (   1.6294135   1.6294135   1.6294135  )

   Crystallographic axes

     site n.     atom                  positions (cryst. coord.)
         1           Co1 tau(   1) = (  0.0000000  0.0000000  0.0000000  )
         2           Co2 tau(   2) = (  0.5000000  0.5000000  0.5000000  )
         3           O   tau(   3) = (  0.2500000  0.2500000  0.2500000  )
         4           O   tau(   4) = (  0.7500000  0.7500000  0.7500000  )

     number of k points=    32  Marzari-Vanderbilt smearing, width (Ry)=  0.0200
                       cart. coord. in units 2pi/alat
        k(    1) = (   0.0000000   0.0000000   0.0000000), wk =   0.0046296
        k(    2) = (   0.2669218  -0.0951035  -0.0951035), wk =   0.0277778
        k(    3) = (   0.5338435  -0.1902071  -0.1902071), wk =   0.0277778
        k(    4) = (  -0.8007653   0.2853106   0.2853106), wk =   0.0138889
        k(    5) = (   0.1718182   0.1718182  -0.1902071), wk =   0.0277778
        k(    6) = (   0.4387400   0.0767147  -0.2853106), wk =   0.0555556
        k(    7) = (  -0.8958688   0.5522323   0.1902071), wk =   0.0555556
        k(    8) = (  -0.6289471   0.4571288   0.0951035), wk =   0.0555556
        k(    9) = (  -0.3620253   0.3620253  -0.0000000), wk =   0.0277778
        k(   10) = (   0.3436365   0.3436365  -0.3804141), wk =   0.0277778
        k(   11) = (  -0.9909724   0.8191541   0.0951035), wk =   0.0555556
        k(   12) = (  -0.7240506   0.7240506   0.0000000), wk =   0.0277778
        k(   13) = (  -0.5154547  -0.5154547   0.5706212), wk =   0.0138889
        k(   14) = (   0.0767147   0.0767147   0.0767147), wk =   0.0092593
        k(   15) = (   0.3436365  -0.0183888  -0.0183888), wk =   0.0277778
        k(   16) = (  -0.9909724   0.4571288   0.4571288), wk =   0.0277778
        k(   17) = (  -0.7240506   0.3620253   0.3620253), wk =   0.0277778
        k(   18) = (  -0.4571288   0.2669218   0.2669218), wk =   0.0277778
        k(   19) = (   0.2485330   0.2485330  -0.1134923), wk =   0.0277778
        k(   20) = (  -1.0860759   0.7240506   0.3620253), wk =   0.0555556
        k(   21) = (  -0.8191541   0.6289471   0.2669218), wk =   0.0555556
        k(   22) = (  -0.5522323   0.5338435   0.1718182), wk =   0.0555556
        k(   23) = (  -0.6105583  -0.6105583   0.8375429), wk =   0.0277778
        k(   24) = (  -0.3436365  -0.7056618   0.7424394), wk =   0.0555556
        k(   25) = (  -0.0767147  -0.8007653   0.6473359), wk =   0.0277778
        k(   26) = (  -0.4387400  -0.4387400   0.6473359), wk =   0.0277778
        k(   27) = (   0.1534294   0.1534294   0.1534294), wk =   0.0092593
        k(   28) = (  -1.1811794   0.6289471   0.6289471), wk =   0.0277778
        k(   29) = (  -0.9142576   0.5338435   0.5338435), wk =   0.0277778
        k(   30) = (  -0.7056618  -0.7056618   1.1044647), wk =   0.0277778
        k(   31) = (  -0.4387400  -0.8007653   1.0093612), wk =   0.0277778
        k(   32) = (  -0.2301442  -0.2301442  -0.2301442), wk =   0.0046296

                       cryst. coord.
        k(    1) = (   0.0000000   0.0000000   0.0000000), wk =   0.0046296
        k(    2) = (   0.0000000   0.0000000   0.1666667), wk =   0.0277778
        k(    3) = (   0.0000000   0.0000000   0.3333333), wk =   0.0277778
        k(    4) = (  -0.0000000  -0.0000000  -0.5000000), wk =   0.0138889
        k(    5) = (   0.0000000   0.1666667   0.1666667), wk =   0.0277778
        k(    6) = (   0.0000000   0.1666667   0.3333333), wk =   0.0555556
        k(    7) = (   0.0000000   0.1666667  -0.5000000), wk =   0.0555556
        k(    8) = (   0.0000000   0.1666667  -0.3333333), wk =   0.0555556
        k(    9) = (  -0.0000000   0.1666667  -0.1666667), wk =   0.0277778
        k(   10) = (   0.0000000   0.3333333   0.3333333), wk =   0.0277778
        k(   11) = (   0.0000000   0.3333333  -0.5000000), wk =   0.0555556
        k(   12) = (   0.0000000   0.3333333  -0.3333333), wk =   0.0277778
        k(   13) = (  -0.0000000  -0.5000000  -0.5000000), wk =   0.0138889
        k(   14) = (   0.1666667   0.1666667   0.1666667), wk =   0.0092593
        k(   15) = (   0.1666667   0.1666667   0.3333333), wk =   0.0277778
        k(   16) = (   0.1666667   0.1666667  -0.5000000), wk =   0.0277778
        k(   17) = (   0.1666667   0.1666667  -0.3333333), wk =   0.0277778
        k(   18) = (   0.1666667   0.1666667  -0.1666667), wk =   0.0277778
        k(   19) = (   0.1666667   0.3333333   0.3333333), wk =   0.0277778
        k(   20) = (   0.1666667   0.3333333  -0.5000000), wk =   0.0555556
        k(   21) = (   0.1666667   0.3333333  -0.3333333), wk =   0.0555556
        k(   22) = (   0.1666667   0.3333333  -0.1666667), wk =   0.0555556
        k(   23) = (   0.1666667  -0.5000000  -0.5000000), wk =   0.0277778
        k(   24) = (   0.1666667  -0.5000000  -0.3333333), wk =   0.0555556
        k(   25) = (   0.1666667  -0.5000000  -0.1666667), wk =   0.0277778
        k(   26) = (   0.1666667  -0.3333333  -0.3333333), wk =   0.0277778
        k(   27) = (   0.3333333   0.3333333   0.3333333), wk =   0.0092593
        k(   28) = (   0.3333333   0.3333333  -0.5000000), wk =   0.0277778
        k(   29) = (   0.3333333   0.3333333  -0.3333333), wk =   0.0277778
        k(   30) = (   0.3333333  -0.5000000  -0.5000000), wk =   0.0277778
        k(   31) = (   0.3333333  -0.5000000  -0.3333333), wk =   0.0277778
        k(   32) = (  -0.5000000  -0.5000000  -0.5000000), wk =   0.0046296

     Dense  grid:    31923 G-vectors     FFT dimensions: (  72,  72,  72)

     Smooth grid:    11307 G-vectors     FFT dimensions: (  48,  48,  48)

     Dynamical RAM for                 wfc:       0.04 MB

     Dynamical RAM for     wfc (w. buffer):       1.24 MB

     Dynamical RAM for             U proj.:       0.01 MB

     Dynamical RAM for  U proj. (w. buff.):       0.44 MB

     Dynamical RAM for           str. fact:       0.09 MB

     Dynamical RAM for           local pot:       0.00 MB

     Dynamical RAM for          nlocal pot:       0.07 MB

     Dynamical RAM for                qrad:       9.63 MB

     Dynamical RAM for          rho,v,vnew:       1.37 MB

     Dynamical RAM for               rhoin:       0.46 MB

     Dynamical RAM for            rho*nmix:       0.97 MB

     Dynamical RAM for           G-vectors:       0.12 MB

     Dynamical RAM for          h,s,v(r/c):       0.14 MB

     Dynamical RAM for          <psi|beta>:       0.02 MB

     Dynamical RAM for                 psi:       0.08 MB

     Dynamical RAM for                hpsi:       0.08 MB

     Dynamical RAM for                spsi:       0.08 MB

     Dynamical RAM for      wfcinit/wfcrot:       0.12 MB

     Dynamical RAM for           addusdens:       2.91 MB

     Dynamical RAM for          addusforce:       2.94 MB

     Dynamical RAM for         addusstress:       3.10 MB

     Estimated static dynamical RAM per process >      14.73 MB

     Estimated max dynamical RAM per process >      18.80 MB

     Estimated total dynamical RAM >     586.03 MB

     Check: negative core charge=   -0.000026
     Generating pointlists ...
     new r_m :   0.2019 (alat units)  1.6154 (a.u.) for type    1
     new r_m :   0.2019 (alat units)  1.6154 (a.u.) for type    2
     new r_m :   0.2019 (alat units)  1.6154 (a.u.) for type    3

     Initial potential from superposition of free atoms

     starting charge      44.0000, renormalised to      46.0000

     HUBBARD ENERGY =    0.5958  (Ry)

     STARTING HUBBARD OCCUPATIONS:

     =================== HUBBARD OCCUPATIONS ===================
     ------------------------ ATOM    1 ------------------------
     Tr[ns(  1)] (up, down, total) =   5.00000  2.00000  7.00000
     Atomic magnetic moment for atom   1 =   3.00000
     SPIN  1
     eigenvalues:
       1.000  1.000  1.000  1.000  1.000
     eigenvectors (columns):
       1.000  0.000  0.000  0.000  0.000
       0.000  1.000  0.000  0.000  0.000
       0.000  0.000  1.000  0.000  0.000
       0.000  0.000  0.000  1.000  0.000
       0.000  0.000  0.000  0.000  1.000
     occupation matrix ns (before diag.):
       1.000  0.000  0.000  0.000  0.000
       0.000  1.000  0.000  0.000  0.000
       0.000  0.000  1.000  0.000  0.000
       0.000  0.000  0.000  1.000  0.000
       0.000  0.000  0.000  0.000  1.000
     SPIN  2
     eigenvalues:
       0.400  0.400  0.400  0.400  0.400
     eigenvectors (columns):
       1.000  0.000  0.000  0.000  0.000
       0.000  1.000  0.000  0.000  0.000
       0.000  0.000  1.000  0.000  0.000
       0.000  0.000  0.000  1.000  0.000
       0.000  0.000  0.000  0.000  1.000
     occupation matrix ns (before diag.):
       0.400  0.000  0.000  0.000  0.000
       0.000  0.400  0.000  0.000  0.000
       0.000  0.000  0.400  0.000  0.000
       0.000  0.000  0.000  0.400  0.000
       0.000  0.000  0.000  0.000  0.400
     ------------------------ ATOM    2 ------------------------
     Tr[ns(  2)] (up, down, total) =   2.00000  5.00000  7.00000
     Atomic magnetic moment for atom   2 =  -3.00000
     SPIN  1
     eigenvalues:
       0.400  0.400  0.400  0.400  0.400
     eigenvectors (columns):
       1.000  0.000  0.000  0.000  0.000
       0.000  1.000  0.000  0.000  0.000
       0.000  0.000  1.000  0.000  0.000
       0.000  0.000  0.000  1.000  0.000
       0.000  0.000  0.000  0.000  1.000
     occupation matrix ns (before diag.):
       0.400  0.000  0.000  0.000  0.000
       0.000  0.400  0.000  0.000  0.000
       0.000  0.000  0.400  0.000  0.000
       0.000  0.000  0.000  0.400  0.000
       0.000  0.000  0.000  0.000  0.400
     SPIN  2
     eigenvalues:
       1.000  1.000  1.000  1.000  1.000
     eigenvectors (columns):
       1.000  0.000  0.000  0.000  0.000
       0.000  1.000  0.000  0.000  0.000
       0.000  0.000  1.000  0.000  0.000
       0.000  0.000  0.000  1.000  0.000
       0.000  0.000  0.000  0.000  1.000
     occupation matrix ns (before diag.):
       1.000  0.000  0.000  0.000  0.000
       0.000  1.000  0.000  0.000  0.000
       0.000  0.000  1.000  0.000  0.000
       0.000  0.000  0.000  1.000  0.000
       0.000  0.000  0.000  0.000  1.000

     Number of occupied Hubbard levels =   14.0000

     Atomic wfc used for Hubbard projectors are orthogonalized

     Starting wfcs are   34 randomized atomic wfcs
     Checking if some PAW data can be deallocated... 
       PAW data deallocated on   16 nodes for type:  3

     total cpu time spent up to now is        0.9 secs

     Self-consistent Calculation

     iteration #  1     ecut=    50.00 Ry     beta= 0.70
     Davidson diagonalization with overlap

---- Real-time Memory Report at c_bands before calling an iterative solver
           125 MiB given to the printing process from OS
             0 MiB allocation reported by mallinfo(arena+hblkhd)
        210722 MiB available memory on the node where the printing process lives
------------------
     ethr =  1.00E-02,  avg # of iterations =  3.0

     =================== HUBBARD OCCUPATIONS ===================
     ------------------------ ATOM    1 ------------------------
     Tr[ns(  1)] (up, down, total) =   4.86272  0.59977  5.46249
     Atomic magnetic moment for atom   1 =   4.26296
     SPIN  1
     eigenvalues:
       0.961  0.961  0.968  0.986  0.986
     eigenvectors (columns):
       0.124 -0.026 -0.000 -0.673 -0.729
       0.538  0.606 -0.577 -0.031  0.099
       0.256 -0.768 -0.577  0.101 -0.023
       0.026  0.124  0.000  0.729 -0.673
       0.793 -0.163  0.577  0.070  0.076
     occupation matrix ns (before diag.):
       0.985 -0.001 -0.001  0.000 -0.003
      -0.001  0.964  0.002 -0.002 -0.002
      -0.001  0.002  0.964  0.002 -0.002
       0.000 -0.002  0.002  0.985 -0.000
      -0.003 -0.002 -0.002 -0.000  0.964
     SPIN  2
     eigenvalues:
       0.051  0.051  0.164  0.164  0.169
     eigenvectors (columns):
       0.690 -0.707 -0.154 -0.035 -0.000
       0.035  0.124 -0.546  0.593 -0.577
      -0.125 -0.032 -0.241 -0.770 -0.577
      -0.707 -0.690 -0.035  0.154  0.000
      -0.090  0.092 -0.787 -0.176  0.577
     occupation matrix ns (before diag.):
       0.054  0.007  0.007  0.000  0.014
       0.007  0.164  0.002  0.012 -0.002
       0.007  0.002  0.164 -0.012 -0.002
       0.000  0.012 -0.012  0.054 -0.000
       0.014 -0.002 -0.002 -0.000  0.164
     ------------------------ ATOM    2 ------------------------
     Tr[ns(  2)] (up, down, total) =   0.59943  4.86273  5.46217
     Atomic magnetic moment for atom   2 =  -4.26330
     SPIN  1
     eigenvalues:
       0.051  0.051  0.164  0.164  0.169
     eigenvectors (columns):
      -0.713 -0.683 -0.154 -0.033 -0.000
      -0.031  0.125 -0.541  0.598 -0.577
       0.123 -0.036 -0.247 -0.768 -0.577
       0.683 -0.713 -0.033  0.154  0.000
       0.093  0.089 -0.788 -0.170  0.577
     occupation matrix ns (before diag.):
       0.054  0.007  0.007  0.000  0.014
       0.007  0.164  0.002  0.012 -0.002
       0.007  0.002  0.164 -0.012 -0.002
       0.000  0.012 -0.012  0.054 -0.000
       0.014 -0.002 -0.002 -0.000  0.164
     SPIN  2
     eigenvalues:
       0.961  0.961  0.968  0.986  0.986
     eigenvectors (columns):
       0.125 -0.027 -0.000 -0.676 -0.726
       0.542  0.601 -0.577 -0.030  0.099
       0.250 -0.770 -0.577  0.101 -0.023
       0.027  0.125  0.000  0.726 -0.676
       0.792 -0.169  0.577  0.071  0.076
     occupation matrix ns (before diag.):
       0.985 -0.001 -0.001  0.000 -0.003
      -0.001  0.964  0.002 -0.002 -0.002
      -0.001  0.002  0.964  0.002 -0.002
       0.000 -0.002  0.002  0.985 -0.000
      -0.003 -0.002 -0.002 -0.000  0.964

     Number of occupied Hubbard levels =   10.9247

     HUBBARD ENERGY =    0.3201  (Ry)

     total cpu time spent up to now is        1.6 secs

     total energy              =    -671.11187626 Ry
     estimated scf accuracy    <      12.35019237 Ry

     total magnetization       =    -0.00 Bohr mag/cell
     absolute magnetization    =     8.92 Bohr mag/cell

     iteration #  2     ecut=    50.00 Ry     beta= 0.70
     Davidson diagonalization with overlap

---- Real-time Memory Report at c_bands before calling an iterative solver
           132 MiB given to the printing process from OS
             0 MiB allocation reported by mallinfo(arena+hblkhd)
        210603 MiB available memory on the node where the printing process lives
------------------
     ethr =  1.00E-02,  avg # of iterations =  3.4

     =================== HUBBARD OCCUPATIONS ===================
     ------------------------ ATOM    1 ------------------------
     Tr[ns(  1)] (up, down, total) =   4.87168  4.88459  9.75628
     Atomic magnetic moment for atom   1 =  -0.01291
     SPIN  1
     eigenvalues:
       0.973  0.973  0.973  0.976  0.976
     eigenvectors (columns):
      -0.000 -0.260  0.069  0.746 -0.609
      -0.577  0.205 -0.759 -0.035 -0.217
      -0.577  0.555  0.557  0.205  0.078
       0.000  0.069  0.260 -0.609 -0.746
       0.577  0.760 -0.202  0.170 -0.139
     occupation matrix ns (before diag.):
       0.976  0.000  0.000  0.000  0.001
       0.000  0.973 -0.000  0.001  0.000
       0.000 -0.000  0.973 -0.001  0.000
       0.000  0.001 -0.001  0.976 -0.000
       0.001  0.000  0.000 -0.000  0.973
     SPIN  2
     eigenvalues:
       0.975  0.975  0.977  0.979  0.979
     eigenvectors (columns):
      -0.583 -0.602 -0.000 -0.524 -0.151
      -0.122  0.428  0.577 -0.493  0.474
       0.432 -0.108  0.577 -0.164 -0.664
       0.602 -0.583  0.000 -0.151  0.524
       0.310  0.320 -0.577 -0.658 -0.190
     occupation matrix ns (before diag.):
       0.976  0.001  0.001  0.000  0.001
       0.001  0.977 -0.000  0.001  0.000
       0.001 -0.000  0.977 -0.001  0.000
       0.000  0.001 -0.001  0.976 -0.000
       0.001  0.000  0.000 -0.000  0.977
     ------------------------ ATOM    2 ------------------------
     Tr[ns(  2)] (up, down, total) =   4.88467  4.87171  9.75638
     Atomic magnetic moment for atom   2 =   0.01297
     SPIN  1
     eigenvalues:
       0.975  0.975  0.977  0.979  0.979
     eigenvectors (columns):
      -0.576 -0.605 -0.000 -0.533 -0.133
      -0.127  0.431  0.577 -0.474  0.491
       0.436 -0.105  0.577 -0.188 -0.656
       0.605 -0.576  0.000 -0.133  0.533
       0.310  0.325 -0.577 -0.662 -0.165
     occupation matrix ns (before diag.):
       0.976  0.001  0.001  0.000  0.001
       0.001  0.977 -0.000  0.001  0.000
       0.001 -0.000  0.977 -0.001  0.000
       0.000  0.001 -0.001  0.976 -0.000
       0.001  0.000  0.000 -0.000  0.977
     SPIN  2
     eigenvalues:
       0.973  0.973  0.973  0.976  0.976
     eigenvectors (columns):
       0.000 -0.259  0.072 -0.786 -0.557
       0.577  0.197 -0.761  0.020 -0.218
       0.577  0.561  0.552 -0.199  0.091
      -0.000  0.072  0.259  0.557 -0.786
      -0.577  0.758 -0.210 -0.179 -0.127
     occupation matrix ns (before diag.):
       0.976  0.000  0.000  0.000  0.001
       0.000  0.973 -0.000  0.001  0.000
       0.000 -0.000  0.973 -0.001  0.000
       0.000  0.001 -0.001  0.976 -0.000
       0.001  0.000  0.000 -0.000  0.973

     Number of occupied Hubbard levels =   19.5127

     HUBBARD ENERGY =    0.5783  (Ry)

     total cpu time spent up to now is        2.4 secs

     total energy              =    -671.99496487 Ry
     estimated scf accuracy    <      60.44069325 Ry

     total magnetization       =    -0.00 Bohr mag/cell
     absolute magnetization    =     0.58 Bohr mag/cell

     iteration #  3     ecut=    50.00 Ry     beta= 0.70
     Davidson diagonalization with overlap

---- Real-time Memory Report at c_bands before calling an iterative solver
           133 MiB given to the printing process from OS
             0 MiB allocation reported by mallinfo(arena+hblkhd)
        210599 MiB available memory on the node where the printing process lives
------------------
     ethr =  1.00E-02,  avg # of iterations =  2.9

     =================== HUBBARD OCCUPATIONS ===================
     ------------------------ ATOM    1 ------------------------
     Tr[ns(  1)] (up, down, total) =   4.97890  2.22754  7.20644
     Atomic magnetic moment for atom   1 =   2.75137
     SPIN  1
     eigenvalues:
       0.995  0.995  0.996  0.997  0.997
     eigenvectors (columns):
      -0.802 -0.552  0.000  0.226 -0.039
       0.015 -0.187  0.577 -0.275  0.745
      -0.169  0.081  0.577 -0.508 -0.611
       0.552 -0.802 -0.000 -0.039 -0.226
      -0.154 -0.106 -0.577 -0.783  0.134
     occupation matrix ns (before diag.):
       0.995 -0.000 -0.000  0.000 -0.000
      -0.000  0.996  0.000 -0.000 -0.000
      -0.000  0.000  0.996  0.000 -0.000
       0.000 -0.000  0.000  0.995 -0.000
      -0.000 -0.000 -0.000 -0.000  0.996
     SPIN  2
     eigenvalues:
       0.135  0.135  0.645  0.656  0.656
     eigenvectors (columns):
      -0.614 -0.784 -0.000  0.092  0.015
      -0.028  0.070  0.577  0.517 -0.627
       0.075 -0.011  0.577  0.285  0.762
       0.784 -0.614  0.000  0.015 -0.092
       0.047  0.060 -0.577  0.802  0.134
     occupation matrix ns (before diag.):
       0.140  0.020  0.020  0.000  0.039
       0.020  0.649 -0.002  0.034  0.002
       0.020 -0.002  0.649 -0.034  0.002
       0.000  0.034 -0.034  0.140 -0.000
       0.039  0.002  0.002 -0.000  0.649
     ------------------------ ATOM    2 ------------------------
     Tr[ns(  2)] (up, down, total) =   2.22710  4.97887  7.20597
     Atomic magnetic moment for atom   2 =  -2.75177
     SPIN  1
     eigenvalues:
       0.135  0.135  0.644  0.656  0.656
     eigenvectors (columns):
      -0.686 -0.722 -0.000  0.091  0.016
      -0.021  0.073  0.577  0.522 -0.624
       0.074 -0.018  0.577  0.279  0.764
       0.722 -0.686  0.000  0.016 -0.091
       0.052  0.055 -0.577  0.801  0.140
     occupation matrix ns (before diag.):
       0.140  0.020  0.020  0.000  0.039
       0.020  0.649 -0.003  0.034  0.003
       0.020 -0.003  0.649 -0.034  0.003
       0.000  0.034 -0.034  0.140 -0.000
       0.039  0.003  0.003 -0.000  0.649
     SPIN  2
     eigenvalues:
       0.995  0.995  0.996  0.997  0.997
     eigenvectors (columns):
      -0.747 -0.624  0.000  0.228 -0.031
       0.032 -0.185  0.577 -0.300  0.736
      -0.177  0.065  0.577 -0.487 -0.628
       0.624 -0.747 -0.000 -0.031 -0.228
      -0.144 -0.121 -0.577 -0.787  0.108
     occupation matrix ns (before diag.):
       0.995 -0.000 -0.000  0.000 -0.000
      -0.000  0.996  0.000 -0.000 -0.000
      -0.000  0.000  0.996  0.000 -0.000
       0.000 -0.000  0.000  0.995 -0.000
      -0.000 -0.000 -0.000 -0.000  0.996

     Number of occupied Hubbard levels =   14.4124

     HUBBARD ENERGY =    0.5283  (Ry)

     total cpu time spent up to now is        3.2 secs

     total energy              =    -678.18590493 Ry
     estimated scf accuracy    <       0.42989264 Ry

     total magnetization       =    -0.00 Bohr mag/cell
     absolute magnetization    =     5.81 Bohr mag/cell

     iteration #  4     ecut=    50.00 Ry     beta= 0.70
     Davidson diagonalization with overlap

---- Real-time Memory Report at c_bands before calling an iterative solver
           133 MiB given to the printing process from OS
             0 MiB allocation reported by mallinfo(arena+hblkhd)
        210601 MiB available memory on the node where the printing process lives
------------------
     ethr =  9.35E-04,  avg # of iterations =  2.3

     =================== HUBBARD OCCUPATIONS ===================
     ------------------------ ATOM    1 ------------------------
     Tr[ns(  1)] (up, down, total) =   4.96787  2.34160  7.30947
     Atomic magnetic moment for atom   1 =   2.62627
     SPIN  1
     eigenvalues:
       0.992  0.992  0.995  0.995  0.995
     eigenvectors (columns):
       0.674  0.732  0.000  0.104  0.001
      -0.025  0.081  0.577 -0.412  0.700
       0.083 -0.019  0.577 -0.400 -0.707
      -0.732  0.674 -0.000  0.001 -0.104
       0.058  0.063 -0.577 -0.812 -0.007
     occupation matrix ns (before diag.):
       0.992 -0.000 -0.000  0.000 -0.000
      -0.000  0.995 -0.000 -0.000  0.000
      -0.000 -0.000  0.995  0.000  0.000
       0.000 -0.000  0.000  0.992 -0.000
      -0.000  0.000  0.000 -0.000  0.995
     SPIN  2
     eigenvalues:
       0.151  0.151  0.613  0.713  0.713
     eigenvectors (columns):
       0.699  0.712  0.000  0.072  0.012
       0.016 -0.058 -0.577  0.520 -0.627
      -0.058  0.015 -0.577  0.283  0.763
      -0.712  0.699 -0.000  0.012 -0.072
      -0.042 -0.043  0.577  0.803  0.136
     occupation matrix ns (before diag.):
       0.154  0.017  0.017  0.000  0.034
       0.017  0.678 -0.032  0.029  0.032
       0.017 -0.032  0.678 -0.029  0.032
       0.000  0.029 -0.029  0.154 -0.000
       0.034  0.032  0.032 -0.000  0.678
     ------------------------ ATOM    2 ------------------------
     Tr[ns(  2)] (up, down, total) =   2.36118  4.96788  7.32906
     Atomic magnetic moment for atom   2 =  -2.60670
     SPIN  1
     eigenvalues:
       0.152  0.152  0.616  0.721  0.721
     eigenvectors (columns):
      -0.609  0.790  0.000  0.073  0.014
      -0.023 -0.056 -0.577  0.529 -0.619
       0.060  0.008 -0.577  0.271  0.768
       0.790  0.609 -0.000  0.014 -0.073
       0.037 -0.048  0.577  0.800  0.149
     occupation matrix ns (before diag.):
       0.155  0.017  0.017  0.000  0.034
       0.017  0.684 -0.034  0.030  0.034
       0.017 -0.034  0.684 -0.030  0.034
       0.000  0.030 -0.030  0.155 -0.000
       0.034  0.034  0.034 -0.000  0.684
     SPIN  2
     eigenvalues:
       0.992  0.992  0.995  0.995  0.995
     eigenvectors (columns):
       0.703  0.703  0.000  0.107  0.001
      -0.023  0.084  0.577 -0.411  0.700
       0.084 -0.023  0.577 -0.401 -0.706
      -0.703  0.703 -0.000  0.001 -0.107
       0.062  0.062 -0.577 -0.812 -0.006
     occupation matrix ns (before diag.):
       0.992 -0.000 -0.000  0.000 -0.000
      -0.000  0.995 -0.000 -0.000  0.000
      -0.000 -0.000  0.995  0.000  0.000
       0.000 -0.000  0.000  0.992 -0.000
      -0.000  0.000  0.000 -0.000  0.995

     Number of occupied Hubbard levels =   14.6385

     HUBBARD ENERGY =    0.4506  (Ry)

     total cpu time spent up to now is        3.8 secs

     total energy              =    -678.25645161 Ry
     estimated scf accuracy    <       0.12317540 Ry

     total magnetization       =     0.02 Bohr mag/cell
     absolute magnetization    =     5.52 Bohr mag/cell

     iteration #  5     ecut=    50.00 Ry     beta= 0.70
     Davidson diagonalization with overlap

---- Real-time Memory Report at c_bands before calling an iterative solver
           133 MiB given to the printing process from OS
             0 MiB allocation reported by mallinfo(arena+hblkhd)
        210601 MiB available memory on the node where the printing process lives
------------------
     ethr =  2.68E-04,  avg # of iterations =  2.2

     =================== HUBBARD OCCUPATIONS ===================
     ------------------------ ATOM    1 ------------------------
     Tr[ns(  1)] (up, down, total) =   4.96291  2.54192  7.50483
     Atomic magnetic moment for atom   1 =   2.42099
     SPIN  1
     eigenvalues:
       0.990  0.990  0.994  0.994  0.994
     eigenvectors (columns):
       0.663 -0.748  0.000 -0.032  0.002
      -0.008 -0.025 -0.577  0.460  0.674
       0.026  0.005 -0.577  0.354 -0.736
      -0.748 -0.663 -0.000 -0.002 -0.032
       0.018 -0.020  0.577  0.814 -0.062
     occupation matrix ns (before diag.):
       0.990 -0.000 -0.000  0.000 -0.000
      -0.000  0.994 -0.000 -0.000  0.000
      -0.000 -0.000  0.994  0.000  0.000
       0.000 -0.000  0.000  0.990 -0.000
      -0.000  0.000  0.000 -0.000  0.994
     SPIN  2
     eigenvalues:
       0.130  0.130  0.512  0.885  0.885
     eigenvectors (columns):
      -0.657  0.751  0.000  0.067  0.011
      -0.018 -0.052 -0.577  0.514 -0.632
       0.054  0.011 -0.577  0.290  0.761
       0.751  0.657 -0.000  0.011 -0.067
       0.036 -0.041  0.577  0.804  0.130
     occupation matrix ns (before diag.):
       0.133  0.021  0.021  0.000  0.041
       0.021  0.758 -0.123  0.036  0.123
       0.021 -0.123  0.758 -0.036  0.123
       0.000  0.036 -0.036  0.133 -0.000
       0.041  0.123  0.123 -0.000  0.758
     ------------------------ ATOM    2 ------------------------
     Tr[ns(  2)] (up, down, total) =   2.15685  4.96217  7.11902
     Atomic magnetic moment for atom   2 =  -2.80532
     SPIN  1
     eigenvalues:
       0.120  0.120  0.425  0.745  0.745
     eigenvectors (columns):
      -0.584  0.810  0.000  0.054  0.008
      -0.018 -0.040 -0.577  0.510 -0.636
       0.044  0.004 -0.577  0.296  0.760
       0.810  0.584 -0.000  0.008 -0.054
       0.026 -0.036  0.577  0.806  0.123
     occupation matrix ns (before diag.):
       0.122  0.014  0.014  0.000  0.028
       0.014  0.638 -0.106  0.024  0.106
       0.014 -0.106  0.638 -0.024  0.106
       0.000  0.024 -0.024  0.122 -0.000
       0.028  0.106  0.106 -0.000  0.638
     SPIN  2
     eigenvalues:
       0.990  0.990  0.994  0.994  0.994
     eigenvectors (columns):
       0.686  0.726  0.000  0.049  0.008
       0.012 -0.039 -0.577  0.519 -0.629
      -0.039  0.009 -0.577  0.285  0.764
      -0.726  0.686 -0.000  0.008 -0.049
      -0.028 -0.029  0.577  0.804  0.135
     occupation matrix ns (before diag.):
       0.990  0.000  0.000  0.000  0.000
       0.000  0.994 -0.000  0.000  0.000
       0.000 -0.000  0.994 -0.000  0.000
       0.000  0.000 -0.000  0.990 -0.000
       0.000  0.000  0.000 -0.000  0.994

     Number of occupied Hubbard levels =   14.6239

     HUBBARD ENERGY =    0.4393  (Ry)

     total cpu time spent up to now is        4.4 secs

     total energy              =    -678.27023644 Ry
     estimated scf accuracy    <       0.13108264 Ry

     total magnetization       =    -0.43 Bohr mag/cell
     absolute magnetization    =     5.47 Bohr mag/cell

     iteration #  6     ecut=    50.00 Ry     beta= 0.70
     Davidson diagonalization with overlap

---- Real-time Memory Report at c_bands before calling an iterative solver
           133 MiB given to the printing process from OS
             0 MiB allocation reported by mallinfo(arena+hblkhd)
        210599 MiB available memory on the node where the printing process lives
------------------
     ethr =  2.68E-04,  avg # of iterations =  2.1

     =================== HUBBARD OCCUPATIONS ===================
     ------------------------ ATOM    1 ------------------------
     Tr[ns(  1)] (up, down, total) =   4.95714  1.61762  6.57475
     Atomic magnetic moment for atom   1 =   3.33952
     SPIN  1
     eigenvalues:
       0.990  0.990  0.992  0.993  0.993
     eigenvectors (columns):
      -0.735 -0.655  0.000  0.173 -0.017
       0.029 -0.139  0.577 -0.334  0.731
      -0.135  0.045  0.577 -0.466 -0.655
       0.655 -0.735 -0.000 -0.017 -0.173
      -0.106 -0.094 -0.577 -0.800  0.077
     occupation matrix ns (before diag.):
       0.990 -0.000 -0.000  0.000 -0.000
      -0.000  0.993 -0.000 -0.000  0.000
